[54, 57, 61, 68, 96]
[0, 23, 52, 69, 79]
[9, 22, 53, 93, 99]
[11, 15, 26, 57, 91]
[10, 25, 53, 80, 82]
[1, 5, 7, 37, 75]
[23, 36, 45, 49, 80]
[2, 8, 35, 38, 86]
[6, 26, 28, 33, 77]
[4, 59, 73, 74, 83]
[25, 32, 39, 85, 97]
[22, 33, 35, 76, 89]
[36, 43, 54, 82, 83]
[51, 56, 84, 97, 98]
[26, 66, 72, 87, 95]
[9, 29, 50, 65, 75]
[5, 21, 38, 61, 91]
[32, 72, 79, 88, 95]
[34, 37, 58, 74, 94]
[8, 10, 14, 63, 89]
[64, 75, 90, 91, 99]
[25, 83, 84, 93, 100]
[1, 13, 18, 21, 26]
[53, 68, 75, 88, 94]
[7, 10, 29, 68, 82]
[3, 16, 20, 65, 84]
[2, 21, 25, 41, 78]
[4, 24, 44, 65, 71]
[20, 25, 80, 81, 86]
[4, 5, 59, 78, 98]
[20, 27, 45, 57, 81]
[3, 51, 55, 65, 67]
[11, 25, 49, 55, 58]
[20, 25, 28, 85, 97]
[3, 31, 54, 66, 100]
[6, 33, 35, 45, 63]
[14, 39, 43, 45, 54]
[4, 21, 45, 89, 99]
[15, 18, 43, 77, 79]
[13, 14, 31, 74, 76]
[22, 32, 45, 64, 88]
[18, 20, 30, 56, 69]
[6, 12, 40, 52, 63]
[5, 13, 77, 94, 95]
[0, 55, 69, 78, 87]
[19, 25, 53, 57, 93]
[22, 38, 57, 92, 93]
[25, 30, 45, 75, 98]
[3, 18, 28, 34, 64]
[27, 44, 45, 96, 100]
[38, 62, 67, 86, 96]
[16, 26, 58, 90, 92]
[20, 28, 36, 54, 73]
[48, 51, 52, 56, 82]
[1, 2, 3, 68, 81]
[25, 47, 48, 49, 91]
[23, 25, 64, 72, 89]
[2, 34, 45, 46, 71]
[58, 64, 75, 77, 79]
[24, 39, 42, 44, 83]
[13, 42, 58, 60, 73]
[36, 56, 71, 91, 98]
[0, 19, 36, 42, 93]
[10, 20, 31, 45, 61]
[26, 29, 35, 90, 92]
[27, 35, 41, 53, 68]
[6, 25, 51, 55, 83]
[34, 55, 59, 78, 100]
[37, 61, 86, 87, 88]
[1, 11, 14, 35, 58]
[27, 37, 40, 55, 95]
[22, 28, 45, 52, 94]
[13, 17, 20, 35, 37]
[8, 25, 35, 41, 56]
[5, 31, 58, 77, 82]
[39, 47, 75, 85, 86]
[18, 19, 33, 66, 95]
[56, 60, 71, 90, 91]
[2, 11, 43, 53, 69]
[15, 37, 56, 84, 85]
[4, 5, 24, 32, 100]
[19, 21, 44, 50, 90]
[28, 33, 51, 56, 94]
[0, 84, 85, 90, 99]
[9, 41, 63, 73, 92]
[31, 65, 81, 92, 99]
[17, 23, 39, 44, 59]
[54, 55, 76, 77, 88]
[32, 46, 57, 90, 97]
[19, 37, 66, 93, 97]
[3, 47, 55, 60, 91]
[1, 33, 58, 62, 87]
[13, 21, 62, 76, 87]
[4, 25, 26, 80, 94]
[19, 22, 27, 49, 55]
[20, 52, 54, 60, 71]
[26, 29, 39, 78, 90]
[12, 47, 50, 99, 100]
[1, 33, 81, 91, 100]
[3, 24, 34, 38, 83]
[23, 43, 51, 91, 92]
[18, 27, 34, 46, 84]
[9, 14, 56, 79, 100]
[12, 26, 53, 56, 60]
[2, 3, 43, 55, 97]
[52, 75, 86, 87, 97]
[9, 53, 76, 78, 82]
[19, 27, 43, 75, 93]
[13, 32, 54, 92, 98]
[9, 13, 69, 79, 94]
[1, 40, 41, 45, 87]
[20, 50, 59, 62, 75]
[0, 1, 45, 77, 81]
[18, 20, 26, 48, 75]
[35, 38, 73, 75, 77]
[6, 18, 40, 67, 70]
[58, 70, 81, 91, 97]
[3, 15, 47, 53, 73]
[25, 44, 52, 88, 94]
[36, 39, 49, 54, 72]
[9, 17, 26, 49, 68]
[0, 3, 7, 41, 66]
[6, 32, 65, 73, 81]
[0, 32, 46, 48, 89]
[18, 43, 46, 78, 91]
[10, 54, 63, 88, 96]
[35, 44, 82, 94, 100]
[48, 49, 61, 88, 93]
[26, 35, 83, 91, 94]
[12, 20, 45, 61, 93]
[21, 24, 67, 86, 88]
[56, 61, 71, 83, 100]
[16, 44, 62, 75, 98]
[11, 14, 23, 62, 91]
[5, 37, 63, 79, 97]
[16, 71, 87, 88, 93]
[11, 34, 38, 56, 97]
[5, 29, 40, 44, 86]
[0, 9, 10, 73, 75]
[14, 17, 51, 52, 66]
[28, 45, 68, 83, 86]
[31, 35, 65, 86, 92]
[8, 32, 54, 63, 84]
[33, 35, 61, 93, 100]
[20, 63, 78, 90, 91]
[36, 39, 49, 50, 59]
[28, 32, 41, 76, 98]
[0, 30, 44, 91, 94]
[20, 44, 50, 66, 98]
[26, 29, 38, 46, 88]
[16, 18, 35, 47, 52]
[13, 14, 23, 30, 42]
[2, 3, 7, 11, 50]
[58, 66, 69, 74, 89]
[8, 23, 53, 66, 68]
[4, 17, 43, 73, 88]
[47, 53, 68, 74, 83]
[20, 43, 58, 66, 92]
[29, 43, 68, 71, 75]
[22, 70, 87, 89, 92]
[3, 43, 48, 50, 63]
[19, 26, 70, 83, 98]
[32, 57, 58, 60, 75]
[19, 36, 49, 65, 76]
[20, 52, 83, 85, 88]
[7, 60, 62, 75, 83]
[8, 48, 50, 73, 88]
[27, 28, 39, 49, 87]
[2, 24, 46, 87, 93]
[11, 14, 21, 57, 90]
[7, 48, 89, 93, 96]
[60, 61, 71, 86, 89]
[1, 4, 56, 57, 97]
[9, 11, 25, 61, 79]
[3, 13, 43, 91, 95]
[10, 26, 32, 68, 94]
[53, 64, 66, 70, 87]
[14, 39, 52, 74, 82]
[9, 30, 42, 94, 99]
[16, 64, 69, 86, 96]
[9, 34, 54, 79, 89]
[26, 40, 58, 73, 82]
[3, 15, 27, 45, 63]
[2, 18, 37, 48, 61]
[11, 24, 55, 63, 77]
[27, 62, 71, 72, 86]
[12, 21, 40, 41, 73]
[5, 13, 25, 36, 41]
[1, 35, 63, 86, 94]
[38, 48, 62, 74, 81]
[5, 51, 87, 94, 97]
[11, 43, 60, 67, 91]
[20, 31, 37, 45, 62]
[4, 11, 34, 50, 83]
[24, 31, 73, 75, 98]
[28, 71, 73, 75, 88]
[28, 33, 62, 80, 100]
[1, 33, 77, 85, 86]
[37, 56, 60, 61, 91]
[19, 52, 59, 85, 88]
[1, 17, 25, 33, 66]
[31, 35, 54, 60, 76]
[32, 42, 59, 64, 94]
[29, 36, 88, 94, 96]
[3, 19, 28, 61, 74]
[11, 19, 54, 82, 91]
[10, 17, 40, 56, 66]
[20, 36, 47, 62, 76]
[8, 10, 24, 43, 89]
[8, 17, 31, 39, 45]
[1, 25, 26, 52, 86]
[2, 36, 62, 93, 100]
[2, 18, 60, 71, 78]
[54, 55, 65, 92, 96]
[16, 54, 58, 68, 80]
[11, 44, 51, 79, 87]
[31, 42, 75, 82, 99]
[0, 1, 47, 49, 64]
[30, 41, 52, 91, 93]
[17, 45, 56, 58, 77]
[2, 23, 42, 44, 90]
[7, 43, 48, 54, 88]
[21, 38, 87, 91, 99]
[39, 53, 54, 84, 96]
[15, 36, 50, 70, 87]
[42, 59, 62, 65, 90]
[24, 37, 48, 72, 92]
[14, 35, 54, 55, 77]
[11, 15, 30, 31, 68]
[10, 16, 34, 49, 66]
[1, 31, 50, 62, 68]
[34, 40, 51, 56, 65]
[14, 23, 48, 57, 87]
[7, 8, 19, 92, 98]
[0, 17, 31, 46, 92]
[5, 55, 65, 71, 90]
[1, 42, 43, 54, 62]
[34, 60, 62, 67, 83]
[10, 17, 23, 28, 29]
[1, 17, 22, 43, 58]
[4, 6, 44, 49, 58]
[19, 51, 53, 74, 78]
[0, 29, 44, 51, 94]
[19, 22, 37, 57, 70]
[5, 54, 63, 64, 87]
[28, 42, 64, 65, 93]
[3, 9, 18, 32, 100]
[2, 8, 30, 82, 98]
[0, 40, 43, 78, 99]
[13, 21, 30, 71, 77]
