[35, 36, 37, 38, 39, 40]
[1, 2, 3, 4, 5, 6, 7]
[3, 4, 5, 6, 7, 8, 9, 10, 11, 12, 13]
[25, 26, 27, 28, 29, 30, 31, 32, 33, 34, 35]
[25, 26, 27, 28, 29, 30, 31, 32, 33, 34]
[19, 20, 21, 22, 23, 24]
[29, 30, 31, 32, 33, 34]
[35, 36, 37, 38, 39, 40, 41, 42]
[25, 26, 27, 28, 29, 30]
[16, 17, 18, 19, 20, 21, 22, 23, 24, 25]
[23, 24, 25, 26, 27, 28, 29, 30, 31, 32, 33]
[10, 11, 12, 13, 14, 15, 16, 17, 18]
[27, 28, 29, 30, 31, 32, 33, 34, 35]
[0, 1, 2, 3, 4, 5, 6, 7, 8]
[6, 7, 8, 9, 10, 11, 12, 13, 14, 15]
[0, 1, 2, 3, 4, 5, 6, 7]
[6, 7, 8, 9, 10, 11, 12]
[17, 18, 19, 20, 21, 22, 23, 24]
[44, 45, 46, 47, 48, 49, 50]
[40, 41, 42, 43, 44, 45, 46, 47, 48]
[28, 29, 30, 31, 32, 33, 34, 35]
[3, 4, 5, 6, 7, 8, 9, 10, 11, 12, 13]
[4, 5, 6, 7, 8, 9]
[19, 20, 21, 22, 23, 24, 25, 26, 27, 28, 29]
[27, 28, 29, 30, 31, 32, 33, 34, 35, 36]
[1, 2, 3, 4, 5, 6, 7, 8, 9, 10, 11]
[28, 29, 30, 31, 32, 33, 34, 35, 36, 37]
[39, 40, 41, 42, 43, 44]
[36, 37, 38, 39, 40, 41, 42]
[10, 11, 12, 13, 14, 15, 16, 17]
[25, 26, 27, 28, 29, 30]
[1, 2, 3, 4, 5, 6, 7, 8, 9, 10]
[11, 12, 13, 14, 15, 16, 17]
[33, 34, 35, 36, 37, 38, 39]
[19, 20, 21, 22, 23, 24]
[38, 39, 40, 41, 42, 43, 44, 45]
[7, 8, 9, 10, 11, 12, 13, 14]
[10, 11, 12, 13, 14, 15, 16, 17]
[35, 36, 37, 38, 39, 40, 41, 42, 43]
[2, 3, 4, 5, 6, 7, 8, 9, 10]
[34, 35, 36, 37, 38, 39, 40, 41, 42, 43, 44]
[25, 26, 27, 28, 29, 30, 31, 32, 33]
[42, 43, 44, 45, 46, 47, 48, 49, 50]
[17, 18, 19, 20, 21, 22, 23]
[42, 43, 44, 45, 46, 47, 48, 49, 50]
[9, 10, 11, 12, 13, 14, 15, 16, 17]
[17, 18, 19, 20, 21, 22, 23, 24, 25]
[16, 17, 18, 19, 20, 21, 22, 23, 24]
[33, 34, 35, 36, 37, 38, 39, 40, 41, 42, 43]
[11, 12, 13, 14, 15, 16, 17, 18, 19, 20, 21]
[42, 43, 44, 45, 46, 47, 48, 49, 50]
[11, 12, 13, 14, 15, 16, 17, 18, 19, 20, 21]
[5, 6, 7, 8, 9, 10, 11, 12]
[14, 15, 16, 17, 18, 19, 20, 21]
[26, 27, 28, 29, 30, 31, 32]
[44, 45, 46, 47, 48, 49]
[7, 8, 9, 10, 11, 12, 13, 14]
[32, 33, 34, 35, 36, 37, 38, 39, 40, 41]
[8, 9, 10, 11, 12, 13, 14, 15, 16]
[27, 28, 29, 30, 31, 32, 33, 34, 35, 36]
[27, 28, 29, 30, 31, 32, 33]
[40, 41, 42, 43, 44, 45, 46, 47, 48, 49]
[28, 29, 30, 31, 32, 33, 34]
[36, 37, 38, 39, 40, 41]
[0, 1, 2, 3, 4, 5, 6]
[25, 26, 27, 28, 29, 30, 31, 32]
[2, 3, 4, 5, 6, 7, 8]
[7, 8, 9, 10, 11, 12, 13, 14, 15, 16]
[1, 2, 3, 4, 5, 6]
[11, 12, 13, 14, 15, 16, 17, 18, 19, 20, 21]
[3, 4, 5, 6, 7, 8, 9, 10, 11, 12, 13]
[35, 36, 37, 38, 39, 40, 41, 42, 43, 44, 45]
[27, 28, 29, 30, 31, 32, 33, 34, 35]
[3, 4, 5, 6, 7, 8, 9, 10, 11]
[20, 21, 22, 23, 24, 25, 26]
[29, 30, 31, 32, 33, 34, 35]
[2, 3, 4, 5, 6, 7, 8, 9]
[23, 24, 25, 26, 27, 28, 29, 30, 31, 32, 33]
[33, 34, 35, 36, 37, 38, 39]
[12, 13, 14, 15, 16, 17]
[23, 24, 25, 26, 27, 28, 29]
[20, 21, 22, 23, 24, 25, 26, 27, 28, 29]
[38, 39, 40, 41, 42, 43, 44, 45, 46, 47]
[16, 17, 18, 19, 20, 21]
[20, 21, 22, 23, 24, 25, 26, 27]
[33, 34, 35, 36, 37, 38, 39, 40, 41, 42, 43]
[31, 32, 33, 34, 35, 36, 37, 38, 39]
[15, 16, 17, 18, 19, 20, 21, 22, 23, 24]
[6, 7, 8, 9, 10, 11, 12, 13, 14, 15]
[13, 14, 15, 16, 17, 18, 19]
[32, 33, 34, 35, 36, 37, 38, 39]
[35, 36, 37, 38, 39, 40, 41, 42]
[33, 34, 35, 36, 37, 38, 39, 40]
[39, 40, 41, 42, 43, 44, 45]
[15, 16, 17, 18, 19, 20, 21, 22, 23, 24]
[5, 6, 7, 8, 9, 10, 11]
[15, 16, 17, 18, 19, 20, 21, 22, 23, 24]
[9, 10, 11, 12, 13, 14, 15, 16, 17]
[2, 3, 4, 5, 6, 7]
[28, 29, 30, 31, 32, 33, 34, 35, 36, 37, 38]
[28, 29, 30, 31, 32, 33, 34, 35, 36, 37, 38]
[28, 29, 30, 31, 32, 33, 34, 35, 36, 37]
[17, 18, 19, 20, 21, 22, 23, 24, 25, 26]
[30, 31, 32, 33, 34, 35]
[39, 40, 41, 42, 43, 44, 45, 46, 47, 48, 49]
[1, 2, 3, 4, 5, 6, 7, 8, 9, 10, 11]
[4, 5, 6, 7, 8, 9, 10, 11]
[42, 43, 44, 45, 46, 47, 48, 49]
[30, 31, 32, 33, 34, 35]
[3, 4, 5, 6, 7, 8, 9, 10, 11, 12, 13]
[4, 5, 6, 7, 8, 9, 10, 11, 12, 13, 14]
[11, 12, 13, 14, 15, 16, 17, 18, 19]
[8, 9, 10, 11, 12, 13]
[5, 6, 7, 8, 9, 10, 11, 12, 13, 14, 15]
[28, 29, 30, 31, 32, 33, 34, 35, 36, 37, 38]
[6, 7, 8, 9, 10, 11, 12, 13, 14, 15]
[12, 13, 14, 15, 16, 17, 18, 19, 20, 21]
[17, 18, 19, 20, 21, 22, 23, 24, 25, 26]
[25, 26, 27, 28, 29, 30, 31, 32, 33]
[20, 21, 22, 23, 24, 25]
[6, 7, 8, 9, 10, 11, 12]
[32, 33, 34, 35, 36, 37, 38, 39, 40]
[17, 18, 19, 20, 21, 22, 23, 24, 25, 26]
[13, 14, 15, 16, 17, 18, 19, 20]
[15, 16, 17, 18, 19, 20, 21]
[42, 43, 44, 45, 46, 47]
[27, 28, 29, 30, 31, 32]
[32, 33, 34, 35, 36, 37, 38, 39, 40, 41, 42]
[22, 23, 24, 25, 26, 27, 28, 29, 30, 31]
[38, 39, 40, 41, 42, 43, 44]
[7, 8, 9, 10, 11, 12, 13, 14]
[28, 29, 30, 31, 32, 33, 34, 35, 36]
[2, 3, 4, 5, 6, 7, 8]
[33, 34, 35, 36, 37, 38, 39]
[6, 7, 8, 9, 10, 11]
[37, 38, 39, 40, 41, 42, 43]
[36, 37, 38, 39, 40, 41, 42, 43, 44, 45]
[33, 34, 35, 36, 37, 38, 39, 40, 41, 42, 43]
[6, 7, 8, 9, 10, 11]
[29, 30, 31, 32, 33, 34]
[4, 5, 6, 7, 8, 9, 10, 11, 12, 13, 14]
[41, 42, 43, 44, 45, 46, 47, 48, 49, 50]
[30, 31, 32, 33, 34, 35, 36]
[6, 7, 8, 9, 10, 11, 12]
[28, 29, 30, 31, 32, 33, 34]
[31, 32, 33, 34, 35, 36, 37, 38, 39, 40, 41]
[13, 14, 15, 16, 17, 18, 19]
[10, 11, 12, 13, 14, 15, 16]
[1, 2, 3, 4, 5, 6, 7, 8]
[0, 1, 2, 3, 4, 5, 6]
[28, 29, 30, 31, 32, 33, 34, 35, 36, 37, 38]
[41, 42, 43, 44, 45, 46, 47]
[21, 22, 23, 24, 25, 26, 27, 28]
[1, 2, 3, 4, 5, 6]
[14, 15, 16, 17, 18, 19, 20, 21, 22]
[42, 43, 44, 45, 46, 47, 48]
[37, 38, 39, 40, 41, 42, 43]
[28, 29, 30, 31, 32, 33, 34, 35, 36, 37, 38]
[8, 9, 10, 11, 12, 13, 14, 15, 16, 17, 18]
[2, 3, 4, 5, 6, 7]
[20, 21, 22, 23, 24, 25, 26]
[39, 40, 41, 42, 43, 44, 45, 46, 47, 48, 49]
[8, 9, 10, 11, 12, 13, 14, 15, 16, 17]
[38, 39, 40, 41, 42, 43, 44]
[41, 42, 43, 44, 45, 46, 47, 48, 49, 50]
[41, 42, 43, 44, 45, 46]
[27, 28, 29, 30, 31, 32, 33, 34, 35]
[22, 23, 24, 25, 26, 27, 28, 29, 30, 31, 32]
[9, 10, 11, 12, 13, 14, 15, 16, 17]
[4, 5, 6, 7, 8, 9, 10]
[13, 14, 15, 16, 17, 18, 19, 20, 21]
[38, 39, 40, 41, 42, 43, 44]
[6, 7, 8, 9, 10, 11, 12, 13, 14, 15, 16]
[5, 6, 7, 8, 9, 10]
[24, 25, 26, 27, 28, 29, 30]
[31, 32, 33, 34, 35, 36, 37]
[35, 36, 37, 38, 39, 40, 41, 42]
[26, 27, 28, 29, 30, 31, 32]
[30, 31, 32, 33, 34, 35, 36, 37, 38, 39, 40]
[21, 22, 23, 24, 25, 26, 27, 28, 29]
[23, 24, 25, 26, 27, 28, 29, 30]
[8, 9, 10, 11, 12, 13, 14, 15, 16, 17, 18]
[2, 3, 4, 5, 6, 7, 8, 9, 10, 11, 12]
[0, 1, 2, 3, 4, 5, 6, 7, 8]
[9, 10, 11, 12, 13, 14, 15, 16, 17, 18]
[4, 5, 6, 7, 8, 9, 10, 11]
[5, 6, 7, 8, 9, 10, 11, 12, 13, 14]
[10, 11, 12, 13, 14, 15, 16, 17, 18]
[11, 12, 13, 14, 15, 16]
[29, 30, 31, 32, 33, 34, 35, 36, 37, 38, 39]
[0, 1, 2, 3, 4, 5, 6, 7, 8, 9]
[8, 9, 10, 11, 12, 13, 14, 15, 16, 17]
[12, 13, 14, 15, 16, 17, 18, 19, 20, 21, 22]
[38, 39, 40, 41, 42, 43, 44, 45, 46, 47, 48]
[22, 23, 24, 25, 26, 27]
[37, 38, 39, 40, 41, 42]
[31, 32, 33, 34, 35, 36, 37, 38, 39, 40, 41]
[23, 24, 25, 26, 27, 28]
[6, 7, 8, 9, 10, 11, 12, 13, 14, 15, 16]
[37, 38, 39, 40, 41, 42]
[39, 40, 41, 42, 43, 44, 45, 46, 47, 48, 49]
[41, 42, 43, 44, 45, 46]
[33, 34, 35, 36, 37, 38, 39, 40, 41, 42]
[42, 43, 44, 45, 46, 47, 48, 49]
[14, 15, 16, 17, 18, 19]
[36, 37, 38, 39, 40, 41, 42]
[2, 3, 4, 5, 6, 7]
[10, 11, 12, 13, 14, 15, 16, 17]
[20, 21, 22, 23, 24, 25, 26, 27]
[8, 9, 10, 11, 12, 13, 14, 15]
[21, 22, 23, 24, 25, 26, 27, 28, 29]
[38, 39, 40, 41, 42, 43, 44, 45, 46, 47, 48]
[26, 27, 28, 29, 30, 31, 32, 33]
[16, 17, 18, 19, 20, 21, 22]
[19, 20, 21, 22, 23, 24, 25]
[39, 40, 41, 42, 43, 44, 45, 46, 47, 48, 49]
[32, 33, 34, 35, 36, 37, 38, 39]
[31, 32, 33, 34, 35, 36]
[26, 27, 28, 29, 30, 31, 32, 33]
[39, 40, 41, 42, 43, 44, 45, 46, 47, 48]
[25, 26, 27, 28, 29, 30, 31, 32]
[16, 17, 18, 19, 20, 21, 22, 23, 24]
[43, 44, 45, 46, 47, 48]
[36, 37, 38, 39, 40, 41, 42, 43]
[3, 4, 5, 6, 7, 8, 9, 10, 11, 12, 13]
[11, 12, 13, 14, 15, 16]
[0, 1, 2, 3, 4, 5, 6, 7, 8]
[45, 46, 47, 48, 49, 50]
[13, 14, 15, 16, 17, 18, 19, 20]
[34, 35, 36, 37, 38, 39, 40, 41]
[0, 1, 2, 3, 4, 5, 6, 7, 8, 9, 10]
[3, 4, 5, 6, 7, 8, 9, 10, 11]
[41, 42, 43, 44, 45, 46]
[38, 39, 40, 41, 42, 43, 44, 45, 46]
[35, 36, 37, 38, 39, 40, 41, 42, 43, 44]
[11, 12, 13, 14, 15, 16, 17, 18, 19, 20]
[7, 8, 9, 10, 11, 12, 13]
[36, 37, 38, 39, 40, 41, 42, 43, 44]
[24, 25, 26, 27, 28, 29]
[14, 15, 16, 17, 18, 19, 20, 21, 22, 23]
[12, 13, 14, 15, 16, 17, 18, 19, 20, 21]
[40, 41, 42, 43, 44, 45, 46]
[29, 30, 31, 32, 33, 34, 35, 36, 37]
[2, 3, 4, 5, 6, 7, 8, 9]
[17, 18, 19, 20, 21, 22, 23, 24, 25, 26, 27]
[17, 18, 19, 20, 21, 22, 23, 24, 25, 26, 27]
[1, 2, 3, 4, 5, 6, 7, 8, 9]
[32, 33, 34, 35, 36, 37, 38, 39]
[22, 23, 24, 25, 26, 27, 28, 29, 30, 31, 32]
[24, 25, 26, 27, 28, 29, 30, 31, 32, 33]
