[25, 26, 27, 28, 29, 30, 31, 32, 33]
[62, 63, 64, 65, 66, 67, 68, 69, 70, 71]
[36, 37, 38, 39, 40, 41, 42, 43]
[88, 89, 90, 91, 92, 93, 94, 95]
[39, 40, 41, 42, 43, 44, 45, 46]
[15, 16, 17, 18, 19, 20]
[83, 84, 85, 86, 87, 88, 89, 90, 91, 92, 93]
[69, 70, 71, 72, 73, 74, 75]
[20, 21, 22, 23, 24, 25]
[22, 23, 24, 25, 26, 27]
[17, 18, 19, 20, 21, 22]
[47, 48, 49, 50, 51, 52, 53, 54, 55, 56]
[65, 66, 67, 68, 69, 70, 71, 72, 73]
[85, 86, 87, 88, 89, 90]
[90, 91, 92, 93, 94, 95, 96, 97]
[86, 87, 88, 89, 90, 91]
[65, 66, 67, 68, 69, 70, 71, 72, 73]
[31, 32, 33, 34, 35, 36, 37, 38, 39]
[29, 30, 31, 32, 33, 34, 35, 36, 37, 38, 39]
[27, 28, 29, 30, 31, 32, 33, 34, 35, 36, 37]
[31, 32, 33, 34, 35, 36, 37]
[49, 50, 51, 52, 53, 54, 55, 56, 57, 58]
[0, 1, 2, 3, 4, 5]
[63, 64, 65, 66, 67, 68, 69]
[55, 56, 57, 58, 59, 60, 61, 62, 63, 64, 65]
[9, 10, 11, 12, 13, 14]
[93, 94, 95, 96, 97, 98, 99, 100]
[88, 89, 90, 91, 92, 93, 94, 95, 96, 97, 98]
[57, 58, 59, 60, 61, 62]
[51, 52, 53, 54, 55, 56, 57, 58, 59, 60]
[4, 5, 6, 7, 8, 9, 10, 11, 12, 13, 14]
[29, 30, 31, 32, 33, 34, 35, 36]
[34, 35, 36, 37, 38, 39, 40, 41, 42]
[61, 62, 63, 64, 65, 66]
[83, 84, 85, 86, 87, 88, 89]
[6, 7, 8, 9, 10, 11, 12, 13, 14]
[72, 73, 74, 75, 76, 77]
[21, 22, 23, 24, 25, 26, 27]
[68, 69, 70, 71, 72, 73, 74, 75, 76, 77]
[9, 10, 11, 12, 13, 14, 15, 16]
[14, 15, 16, 17, 18, 19, 20, 21, 22, 23]
[65, 66, 67, 68, 69, 70, 71, 72]
[10, 11, 12, 13, 14, 15, 16, 17, 18, 19]
[15, 16, 17, 18, 19, 20, 21, 22, 23, 24]
[76, 77, 78, 79, 80, 81, 82, 83, 84, 85]
[90, 91, 92, 93, 94, 95, 96, 97, 98, 99, 100]
[47, 48, 49, 50, 51, 52, 53, 54, 55, 56]
[44, 45, 46, 47, 48, 49, 50, 51, 52]
[84, 85, 86, 87, 88, 89, 90]
[35, 36, 37, 38, 39, 40, 41, 42, 43, 44, 45]
[64, 65, 66, 67, 68, 69]
[29, 30, 31, 32, 33, 34, 35]
[73, 74, 75, 76, 77, 78, 79, 80]
[88, 89, 90, 91, 92, 93, 94, 95, 96, 97, 98]
[18, 19, 20, 21, 22, 23, 24, 25, 26]
[79, 80, 81, 82, 83, 84, 85]
[33, 34, 35, 36, 37, 38, 39, 40, 41]
[78, 79, 80, 81, 82, 83, 84, 85, 86, 87, 88]
[9, 10, 11, 12, 13, 14, 15, 16, 17, 18]
[83, 84, 85, 86, 87, 88, 89, 90, 91]
[91, 92, 93, 94, 95, 96, 97, 98, 99]
[76, 77, 78, 79, 80, 81]
[2, 3, 4, 5, 6, 7, 8]
[9, 10, 11, 12, 13, 14, 15]
[88, 89, 90, 91, 92, 93, 94, 95]
[25, 26, 27, 28, 29, 30]
[77, 78, 79, 80, 81, 82, 83, 84]
[43, 44, 45, 46, 47, 48, 49, 50, 51]
[33, 34, 35, 36, 37, 38]
[30, 31, 32, 33, 34, 35, 36, 37, 38]
[71, 72, 73, 74, 75, 76, 77]
[75, 76, 77, 78, 79, 80, 81, 82]
[46, 47, 48, 49, 50, 51, 52, 53, 54, 55, 56]
[90, 91, 92, 93, 94, 95, 96, 97, 98, 99, 100]
[10, 11, 12, 13, 14, 15, 16, 17, 18]
[36, 37, 38, 39, 40, 41, 42, 43, 44, 45]
[77, 78, 79, 80, 81, 82, 83, 84, 85]
[18, 19, 20, 21, 22, 23, 24, 25]
[94, 95, 96, 97, 98, 99]
[7, 8, 9, 10, 11, 12, 13, 14, 15, 16, 17]
[10, 11, 12, 13, 14, 15, 16, 17, 18, 19]
[32, 33, 34, 35, 36, 37, 38, 39, 40]
[25, 26, 27, 28, 29, 30, 31, 32, 33, 34, 35]
[93, 94, 95, 96, 97, 98, 99, 100]
[75, 76, 77, 78, 79, 80, 81, 82, 83, 84, 85]
[29, 30, 31, 32, 33, 34, 35]
[41, 42, 43, 44, 45, 46, 47, 48, 49, 50]
[54, 55, 56, 57, 58, 59, 60, 61, 62]
[14, 15, 16, 17, 18, 19, 20, 21, 22, 23, 24]
[47, 48, 49, 50, 51, 52, 53, 54, 55, 56, 57]
[76, 77, 78, 79, 80, 81]
[8, 9, 10, 11, 12, 13]
[64, 65, 66, 67, 68, 69, 70, 71, 72]
[45, 46, 47, 48, 49, 50, 51, 52, 53, 54, 55]
[90, 91, 92, 93, 94, 95, 96, 97]
[25, 26, 27, 28, 29, 30, 31, 32, 33]
[74, 75, 76, 77, 78, 79, 80, 81, 82, 83]
[36, 37, 38, 39, 40, 41, 42, 43, 44]
[68, 69, 70, 71, 72, 73, 74, 75]
[1, 2, 3, 4, 5, 6, 7, 8, 9, 10]
[80, 81, 82, 83, 84, 85]
[84, 85, 86, 87, 88, 89, 90, 91, 92, 93]
[34, 35, 36, 37, 38, 39, 40, 41, 42, 43]
[80, 81, 82, 83, 84, 85, 86, 87]
[16, 17, 18, 19, 20, 21, 22]
[24, 25, 26, 27, 28, 29]
[87, 88, 89, 90, 91, 92, 93, 94]
[36, 37, 38, 39, 40, 41, 42, 43, 44, 45, 46]
[50, 51, 52, 53, 54, 55, 56, 57, 58, 59, 60]
[80, 81, 82, 83, 84, 85, 86, 87, 88, 89, 90]
[90, 91, 92, 93, 94, 95, 96, 97, 98]
[53, 54, 55, 56, 57, 58, 59, 60, 61]
[89, 90, 91, 92, 93, 94, 95, 96, 97, 98, 99]
[27, 28, 29, 30, 31, 32, 33, 34, 35, 36, 37]
[59, 60, 61, 62, 63, 64, 65, 66]
[33, 34, 35, 36, 37, 38, 39, 40]
[48, 49, 50, 51, 52, 53, 54]
[95, 96, 97, 98, 99, 100]
[38, 39, 40, 41, 42, 43]
[59, 60, 61, 62, 63, 64, 65, 66]
[3, 4, 5, 6, 7, 8, 9, 10, 11]
[34, 35, 36, 37, 38, 39]
[62, 63, 64, 65, 66, 67, 68]
[12, 13, 14, 15, 16, 17, 18]
[58, 59, 60, 61, 62, 63, 64, 65]
[64, 65, 66, 67, 68, 69, 70, 71, 72, 73]
[49, 50, 51, 52, 53, 54, 55, 56]
[72, 73, 74, 75, 76, 77]
[39, 40, 41, 42, 43, 44, 45]
[35, 36, 37, 38, 39, 40, 41, 42, 43, 44]
[72, 73, 74, 75, 76, 77, 78, 79, 80, 81, 82]
[15, 16, 17, 18, 19, 20, 21, 22, 23, 24, 25]
[35, 36, 37, 38, 39, 40, 41]
[46, 47, 48, 49, 50, 51, 52, 53]
[42, 43, 44, 45, 46, 47, 48, 49]
[38, 39, 40, 41, 42, 43, 44]
[71, 72, 73, 74, 75, 76, 77, 78, 79]
[33, 34, 35, 36, 37, 38, 39, 40, 41, 42]
[48, 49, 50, 51, 52, 53, 54, 55, 56]
[42, 43, 44, 45, 46, 47]
[12, 13, 14, 15, 16, 17, 18, 19]
[55, 56, 57, 58, 59, 60, 61]
[42, 43, 44, 45, 46, 47, 48, 49, 50, 51]
[55, 56, 57, 58, 59, 60, 61, 62, 63]
[45, 46, 47, 48, 49, 50]
[44, 45, 46, 47, 48, 49, 50, 51]
[18, 19, 20, 21, 22, 23, 24, 25, 26]
[83, 84, 85, 86, 87, 88, 89, 90, 91, 92, 93]
[91, 92, 93, 94, 95, 96, 97, 98, 99]
[17, 18, 19, 20, 21, 22, 23, 24, 25, 26]
[45, 46, 47, 48, 49, 50, 51, 52]
[92, 93, 94, 95, 96, 97, 98, 99, 100]
[73, 74, 75, 76, 77, 78]
[2, 3, 4, 5, 6, 7, 8, 9]
[62, 63, 64, 65, 66, 67, 68, 69, 70, 71]
[81, 82, 83, 84, 85, 86]
[46, 47, 48, 49, 50, 51, 52, 53]
[75, 76, 77, 78, 79, 80]
[54, 55, 56, 57, 58, 59, 60, 61, 62, 63, 64]
[78, 79, 80, 81, 82, 83, 84]
[78, 79, 80, 81, 82, 83, 84, 85, 86, 87]
[53, 54, 55, 56, 57, 58, 59]
[39, 40, 41, 42, 43, 44, 45, 46, 47, 48]
[17, 18, 19, 20, 21, 22, 23, 24, 25, 26]
[65, 66, 67, 68, 69, 70, 71, 72, 73, 74]
[82, 83, 84, 85, 86, 87, 88, 89]
[67, 68, 69, 70, 71, 72]
[78, 79, 80, 81, 82, 83]
[47, 48, 49, 50, 51, 52, 53, 54]
[16, 17, 18, 19, 20, 21]
[80, 81, 82, 83, 84, 85, 86, 87, 88]
[10, 11, 12, 13, 14, 15, 16, 17, 18]
[84, 85, 86, 87, 88, 89, 90, 91, 92]
[40, 41, 42, 43, 44, 45]
[74, 75, 76, 77, 78, 79, 80, 81, 82]
[2, 3, 4, 5, 6, 7, 8, 9, 10, 11]
[50, 51, 52, 53, 54, 55, 56, 57, 58, 59]
[69, 70, 71, 72, 73, 74, 75, 76, 77, 78]
[19, 20, 21, 22, 23, 24]
[51, 52, 53, 54, 55, 56, 57, 58, 59]
[43, 44, 45, 46, 47, 48, 49, 50]
[10, 11, 12, 13, 14, 15, 16]
[1, 2, 3, 4, 5, 6]
[43, 44, 45, 46, 47, 48]
[4, 5, 6, 7, 8, 9, 10, 11, 12]
[25, 26, 27, 28, 29, 30, 31, 32, 33, 34, 35]
[5, 6, 7, 8, 9, 10, 11, 12, 13, 14]
[21, 22, 23, 24, 25, 26, 27, 28]
[43, 44, 45, 46, 47, 48, 49, 50, 51, 52]
[59, 60, 61, 62, 63, 64, 65, 66, 67]
[19, 20, 21, 22, 23, 24, 25, 26, 27, 28, 29]
[84, 85, 86, 87, 88, 89, 90, 91, 92, 93]
[85, 86, 87, 88, 89, 90, 91, 92, 93, 94, 95]
[32, 33, 34, 35, 36, 37, 38, 39]
[77, 78, 79, 80, 81, 82]
[4, 5, 6, 7, 8, 9, 10, 11]
[35, 36, 37, 38, 39, 40, 41, 42, 43]
[52, 53, 54, 55, 56, 57, 58, 59]
[7, 8, 9, 10, 11, 12, 13, 14, 15, 16]
[51, 52, 53, 54, 55, 56, 57, 58, 59, 60]
[21, 22, 23, 24, 25, 26, 27, 28]
[27, 28, 29, 30, 31, 32, 33]
[4, 5, 6, 7, 8, 9, 10]
[74, 75, 76, 77, 78, 79, 80, 81]
[25, 26, 27, 28, 29, 30]
[78, 79, 80, 81, 82, 83, 84, 85, 86]
[34, 35, 36, 37, 38, 39, 40]
[2, 3, 4, 5, 6, 7, 8, 9]
[66, 67, 68, 69, 70, 71, 72, 73, 74]
[91, 92, 93, 94, 95, 96]
[22, 23, 24, 25, 26, 27, 28, 29, 30, 31, 32]
[32, 33, 34, 35, 36, 37, 38, 39, 40]
[71, 72, 73, 74, 75, 76, 77]
[36, 37, 38, 39, 40, 41, 42, 43, 44, 45]
[40, 41, 42, 43, 44, 45, 46, 47, 48]
[21, 22, 23, 24, 25, 26, 27, 28, 29, 30, 31]
[85, 86, 87, 88, 89, 90, 91]
[86, 87, 88, 89, 90, 91, 92, 93, 94]
[20, 21, 22, 23, 24, 25, 26, 27, 28]
[72, 73, 74, 75, 76, 77, 78, 79]
[84, 85, 86, 87, 88, 89, 90, 91, 92]
[25, 26, 27, 28, 29, 30, 31]
[1, 2, 3, 4, 5, 6, 7, 8, 9]
[11, 12, 13, 14, 15, 16, 17, 18]
[48, 49, 50, 51, 52, 53, 54, 55, 56]
[64, 65, 66, 67, 68, 69, 70, 71]
[84, 85, 86, 87, 88, 89]
[37, 38, 39, 40, 41, 42, 43, 44, 45]
[18, 19, 20, 21, 22, 23, 24, 25, 26, 27]
[82, 83, 84, 85, 86, 87, 88]
[50, 51, 52, 53, 54, 55, 56]
[44, 45, 46, 47, 48, 49]
[37, 38, 39, 40, 41, 42, 43, 44]
[13, 14, 15, 16, 17, 18, 19, 20, 21, 22, 23]
[63, 64, 65, 66, 67, 68, 69]
[17, 18, 19, 20, 21, 22, 23]
[25, 26, 27, 28, 29, 30]
[91, 92, 93, 94, 95, 96, 97, 98, 99, 100]
[11, 12, 13, 14, 15, 16, 17, 18, 19]
[23, 24, 25, 26, 27, 28, 29, 30, 31]
[68, 69, 70, 71, 72, 73]
[32, 33, 34, 35, 36, 37]
[2, 3, 4, 5, 6, 7]
[53, 54, 55, 56, 57, 58, 59]
[54, 55, 56, 57, 58, 59]
[60, 61, 62, 63, 64, 65, 66]
[41, 42, 43, 44, 45, 46, 47, 48, 49, 50, 51]
[16, 17, 18, 19, 20, 21, 22, 23, 24]
[62, 63, 64, 65, 66, 67]
[82, 83, 84, 85, 86, 87, 88, 89, 90]
