[15, 16, 17, 18, 19, 20, 21, 22, 23, 24, 25, 26, 27, 28, 29, 30]
[98, 99, 100, 101, 102, 103, 104, 105, 106, 107, 108]
[93, 94, 95, 96, 97, 98, 99, 100, 101, 102, 103]
[14, 15, 16, 17, 18, 19, 20, 21, 22, 23, 24, 25, 26, 27, 28, 29]
[90, 91, 92, 93, 94, 95, 96, 97, 98, 99, 100]
[36, 37, 38, 39, 40, 41, 42, 43, 44, 45, 46, 47, 48, 49, 50, 51]
[81, 82, 83, 84, 85, 86, 87, 88, 89, 90, 91, 92, 93, 94, 95]
[42, 43, 44, 45, 46, 47, 48, 49, 50, 51, 52, 53, 54, 55]
[10, 11, 12, 13, 14, 15, 16, 17, 18, 19, 20, 21]
[119, 120, 121, 122, 123, 124, 125, 126, 127, 128, 129, 130, 131]
[57, 58, 59, 60, 61, 62, 63, 64, 65, 66, 67, 68, 69, 70, 71]
[11, 12, 13, 14, 15, 16, 17, 18, 19, 20, 21, 22, 23, 24, 25, 26]
[102, 103, 104, 105, 106, 107, 108, 109, 110, 111, 112, 113]
[3, 4, 5, 6, 7, 8, 9, 10, 11, 12, 13, 14, 15, 16]
[67, 68, 69, 70, 71, 72, 73, 74, 75, 76, 77, 78]
[128, 129, 130, 131, 132, 133, 134, 135, 136, 137, 138, 139, 140]
[79, 80, 81, 82, 83, 84, 85, 86, 87, 88, 89, 90, 91, 92, 93]
[98, 99, 100, 101, 102, 103, 104, 105, 106, 107, 108, 109, 110, 111]
[82, 83, 84, 85, 86, 87, 88, 89, 90, 91, 92, 93, 94, 95, 96]
[102, 103, 104, 105, 106, 107, 108, 109, 110, 111, 112, 113, 114, 115, 116, 117]
[31, 32, 33, 34, 35, 36, 37, 38, 39, 40, 41, 42, 43]
[99, 100, 101, 102, 103, 104, 105, 106, 107, 108, 109, 110]
[7, 8, 9, 10, 11, 12, 13, 14, 15, 16, 17, 18]
[82, 83, 84, 85, 86, 87, 88, 89, 90, 91, 92, 93, 94, 95, 96]
[101, 102, 103, 104, 105, 106, 107, 108, 109, 110, 111, 112, 113, 114, 115, 116]
[115, 116, 117, 118, 119, 120, 121, 122, 123, 124, 125]
[47, 48, 49, 50, 51, 52, 53, 54, 55, 56, 57]
[27, 28, 29, 30, 31, 32, 33, 34, 35, 36, 37, 38, 39]
[131, 132, 133, 134, 135, 136, 137, 138, 139, 140, 141, 142, 143]
[34, 35, 36, 37, 38, 39, 40, 41, 42, 43, 44, 45, 46, 47]
[26, 27, 28, 29, 30, 31, 32, 33, 34, 35, 36, 37, 38]
[58, 59, 60, 61, 62, 63, 64, 65, 66, 67, 68, 69, 70, 71, 72, 73]
[58, 59, 60, 61, 62, 63, 64, 65, 66, 67, 68, 69, 70, 71]
[107, 108, 109, 110, 111, 112, 113, 114, 115, 116, 117, 118, 119, 120, 121]
[121, 122, 123, 124, 125, 126, 127, 128, 129, 130, 131, 132, 133]
[11, 12, 13, 14, 15, 16, 17, 18, 19, 20, 21, 22, 23]
[95, 96, 97, 98, 99, 100, 101, 102, 103, 104, 105]
[41, 42, 43, 44, 45, 46, 47, 48, 49, 50, 51, 52]
[85, 86, 87, 88, 89, 90, 91, 92, 93, 94, 95, 96, 97]
[1, 2, 3, 4, 5, 6, 7, 8, 9, 10, 11, 12, 13, 14, 15]
[137, 138, 139, 140, 141, 142, 143, 144, 145, 146, 147, 148, 149, 150]
[78, 79, 80, 81, 82, 83, 84, 85, 86, 87, 88, 89, 90, 91, 92, 93]
[22, 23, 24, 25, 26, 27, 28, 29, 30, 31, 32, 33, 34, 35, 36]
[101, 102, 103, 104, 105, 106, 107, 108, 109, 110, 111, 112, 113, 114]
[89, 90, 91, 92, 93, 94, 95, 96, 97, 98, 99]
[80, 81, 82, 83, 84, 85, 86, 87, 88, 89, 90, 91, 92]
[41, 42, 43, 44, 45, 46, 47, 48, 49, 50, 51, 52, 53, 54, 55]
[73, 74, 75, 76, 77, 78, 79, 80, 81, 82, 83, 84, 85, 86]
[120, 121, 122, 123, 124, 125, 126, 127, 128, 129, 130, 131, 132, 133, 134]
[79, 80, 81, 82, 83, 84, 85, 86, 87, 88, 89, 90, 91, 92]
[131, 132, 133, 134, 135, 136, 137, 138, 139, 140, 141, 142]
[14, 15, 16, 17, 18, 19, 20, 21, 22, 23, 24]
[111, 112, 113, 114, 115, 116, 117, 118, 119, 120, 121, 122, 123, 124, 125, 126]
[19, 20, 21, 22, 23, 24, 25, 26, 27, 28, 29]
[19, 20, 21, 22, 23, 24, 25, 26, 27, 28, 29, 30, 31, 32]
[134, 135, 136, 137, 138, 139, 140, 141, 142, 143, 144, 145, 146, 147]
[47, 48, 49, 50, 51, 52, 53, 54, 55, 56, 57, 58, 59, 60]
[119, 120, 121, 122, 123, 124, 125, 126, 127, 128, 129, 130, 131]
[37, 38, 39, 40, 41, 42, 43, 44, 45, 46, 47, 48, 49, 50, 51, 52]
[36, 37, 38, 39, 40, 41, 42, 43, 44, 45, 46]
[80, 81, 82, 83, 84, 85, 86, 87, 88, 89, 90]
[38, 39, 40, 41, 42, 43, 44, 45, 46, 47, 48, 49, 50, 51]
[113, 114, 115, 116, 117, 118, 119, 120, 121, 122, 123, 124, 125]
[118, 119, 120, 121, 122, 123, 124, 125, 126, 127, 128, 129, 130]
[94, 95, 96, 97, 98, 99, 100, 101, 102, 103, 104]
[133, 134, 135, 136, 137, 138, 139, 140, 141, 142, 143, 144, 145, 146]
[24, 25, 26, 27, 28, 29, 30, 31, 32, 33, 34, 35, 36]
[79, 80, 81, 82, 83, 84, 85, 86, 87, 88, 89, 90, 91, 92, 93]
[77, 78, 79, 80, 81, 82, 83, 84, 85, 86, 87, 88, 89, 90, 91, 92]
[91, 92, 93, 94, 95, 96, 97, 98, 99, 100, 101, 102, 103]
[75, 76, 77, 78, 79, 80, 81, 82, 83, 84, 85]
[73, 74, 75, 76, 77, 78, 79, 80, 81, 82, 83, 84, 85, 86]
[47, 48, 49, 50, 51, 52, 53, 54, 55, 56, 57, 58, 59]
[118, 119, 120, 121, 122, 123, 124, 125, 126, 127, 128, 129, 130]
[38, 39, 40, 41, 42, 43, 44, 45, 46, 47, 48, 49, 50, 51, 52]
[38, 39, 40, 41, 42, 43, 44, 45, 46, 47, 48, 49, 50, 51, 52]
[82, 83, 84, 85, 86, 87, 88, 89, 90, 91, 92, 93, 94, 95, 96, 97]
[86, 87, 88, 89, 90, 91, 92, 93, 94, 95, 96, 97]
[115, 116, 117, 118, 119, 120, 121, 122, 123, 124, 125, 126, 127, 128, 129, 130]
[125, 126, 127, 128, 129, 130, 131, 132, 133, 134, 135, 136]
[127, 128, 129, 130, 131, 132, 133, 134, 135, 136, 137, 138, 139]
[99, 100, 101, 102, 103, 104, 105, 106, 107, 108, 109, 110, 111]
[38, 39, 40, 41, 42, 43, 44, 45, 46, 47, 48, 49, 50, 51, 52]
[122, 123, 124, 125, 126, 127, 128, 129, 130, 131, 132, 133, 134, 135, 136]
[56, 57, 58, 59, 60, 61, 62, 63, 64, 65, 66]
[113, 114, 115, 116, 117, 118, 119, 120, 121, 122, 123, 124, 125, 126]
[2, 3, 4, 5, 6, 7, 8, 9, 10, 11, 12, 13, 14, 15, 16, 17]
[0, 1, 2, 3, 4, 5, 6, 7, 8, 9, 10, 11, 12, 13, 14, 15]
[76, 77, 78, 79, 80, 81, 82, 83, 84, 85, 86, 87, 88, 89, 90]
[49, 50, 51, 52, 53, 54, 55, 56, 57, 58, 59, 60, 61, 62, 63, 64]
[37, 38, 39, 40, 41, 42, 43, 44, 45, 46, 47, 48, 49, 50, 51]
[138, 139, 140, 141, 142, 143, 144, 145, 146, 147, 148, 149, 150]
[8, 9, 10, 11, 12, 13, 14, 15, 16, 17, 18, 19, 20, 21]
[12, 13, 14, 15, 16, 17, 18, 19, 20, 21, 22, 23, 24, 25, 26]
[104, 105, 106, 107, 108, 109, 110, 111, 112, 113, 114, 115]
[79, 80, 81, 82, 83, 84, 85, 86, 87, 88, 89, 90, 91, 92]
[41, 42, 43, 44, 45, 46, 47, 48, 49, 50, 51, 52, 53]
[47, 48, 49, 50, 51, 52, 53, 54, 55, 56, 57, 58, 59, 60]
[50, 51, 52, 53, 54, 55, 56, 57, 58, 59, 60, 61, 62, 63, 64]
[13, 14, 15, 16, 17, 18, 19, 20, 21, 22, 23, 24, 25, 26, 27, 28]
[26, 27, 28, 29, 30, 31, 32, 33, 34, 35, 36, 37]
[77, 78, 79, 80, 81, 82, 83, 84, 85, 86, 87]
[77, 78, 79, 80, 81, 82, 83, 84, 85, 86, 87, 88, 89, 90, 91, 92]
[106, 107, 108, 109, 110, 111, 112, 113, 114, 115, 116, 117, 118, 119, 120, 121]
[93, 94, 95, 96, 97, 98, 99, 100, 101, 102, 103]
[11, 12, 13, 14, 15, 16, 17, 18, 19, 20, 21, 22, 23, 24]
[75, 76, 77, 78, 79, 80, 81, 82, 83, 84, 85, 86]
[16, 17, 18, 19, 20, 21, 22, 23, 24, 25, 26, 27, 28, 29]
[125, 126, 127, 128, 129, 130, 131, 132, 133, 134, 135, 136, 137, 138]
[66, 67, 68, 69, 70, 71, 72, 73, 74, 75, 76, 77, 78, 79, 80, 81]
[66, 67, 68, 69, 70, 71, 72, 73, 74, 75, 76, 77, 78, 79, 80]
[82, 83, 84, 85, 86, 87, 88, 89, 90, 91, 92, 93, 94, 95, 96, 97]
[125, 126, 127, 128, 129, 130, 131, 132, 133, 134, 135, 136]
[42, 43, 44, 45, 46, 47, 48, 49, 50, 51, 52, 53]
[120, 121, 122, 123, 124, 125, 126, 127, 128, 129, 130, 131, 132]
[95, 96, 97, 98, 99, 100, 101, 102, 103, 104, 105, 106, 107, 108, 109, 110]
[79, 80, 81, 82, 83, 84, 85, 86, 87, 88, 89, 90, 91, 92, 93, 94]
[138, 139, 140, 141, 142, 143, 144, 145, 146, 147, 148, 149, 150]
[0, 1, 2, 3, 4, 5, 6, 7, 8, 9, 10, 11, 12]
[17, 18, 19, 20, 21, 22, 23, 24, 25, 26, 27, 28, 29]
[97, 98, 99, 100, 101, 102, 103, 104, 105, 106, 107, 108, 109, 110]
[66, 67, 68, 69, 70, 71, 72, 73, 74, 75, 76, 77]
[12, 13, 14, 15, 16, 17, 18, 19, 20, 21, 22, 23, 24, 25, 26]
[71, 72, 73, 74, 75, 76, 77, 78, 79, 80, 81, 82, 83, 84, 85]
[81, 82, 83, 84, 85, 86, 87, 88, 89, 90, 91, 92, 93, 94, 95]
[75, 76, 77, 78, 79, 80, 81, 82, 83, 84, 85, 86, 87, 88, 89, 90]
[20, 21, 22, 23, 24, 25, 26, 27, 28, 29, 30, 31, 32]
[38, 39, 40, 41, 42, 43, 44, 45, 46, 47, 48]
[26, 27, 28, 29, 30, 31, 32, 33, 34, 35, 36, 37, 38, 39, 40]
[37, 38, 39, 40, 41, 42, 43, 44, 45, 46, 47, 48, 49, 50, 51]
[104, 105, 106, 107, 108, 109, 110, 111, 112, 113, 114, 115, 116, 117, 118, 119]
[24, 25, 26, 27, 28, 29, 30, 31, 32, 33, 34]
[131, 132, 133, 134, 135, 136, 137, 138, 139, 140, 141, 142, 143]
[88, 89, 90, 91, 92, 93, 94, 95, 96, 97, 98, 99, 100]
[65, 66, 67, 68, 69, 70, 71, 72, 73, 74, 75, 76]
[5, 6, 7, 8, 9, 10, 11, 12, 13, 14, 15, 16, 17]
[84, 85, 86, 87, 88, 89, 90, 91, 92, 93, 94, 95, 96]
[113, 114, 115, 116, 117, 118, 119, 120, 121, 122, 123, 124, 125, 126]
[103, 104, 105, 106, 107, 108, 109, 110, 111, 112, 113, 114, 115, 116, 117, 118]
[63, 64, 65, 66, 67, 68, 69, 70, 71, 72, 73, 74, 75, 76, 77, 78]
[37, 38, 39, 40, 41, 42, 43, 44, 45, 46, 47, 48, 49]
[127, 128, 129, 130, 131, 132, 133, 134, 135, 136, 137]
[2, 3, 4, 5, 6, 7, 8, 9, 10, 11, 12, 13]
[124, 125, 126, 127, 128, 129, 130, 131, 132, 133, 134, 135, 136, 137]
[97, 98, 99, 100, 101, 102, 103, 104, 105, 106, 107]
[128, 129, 130, 131, 132, 133, 134, 135, 136, 137, 138, 139, 140, 141, 142]
[12, 13, 14, 15, 16, 17, 18, 19, 20, 21, 22]
[17, 18, 19, 20, 21, 22, 23, 24, 25, 26, 27, 28, 29]
[127, 128, 129, 130, 131, 132, 133, 134, 135, 136, 137, 138, 139, 140, 141]
[75, 76, 77, 78, 79, 80, 81, 82, 83, 84, 85, 86, 87]
[69, 70, 71, 72, 73, 74, 75, 76, 77, 78, 79, 80, 81, 82, 83]
[56, 57, 58, 59, 60, 61, 62, 63, 64, 65, 66, 67, 68, 69, 70, 71]
[42, 43, 44, 45, 46, 47, 48, 49, 50, 51, 52]
[73, 74, 75, 76, 77, 78, 79, 80, 81, 82, 83, 84, 85, 86, 87, 88]
[32, 33, 34, 35, 36, 37, 38, 39, 40, 41, 42, 43, 44, 45, 46]
[122, 123, 124, 125, 126, 127, 128, 129, 130, 131, 132]
[26, 27, 28, 29, 30, 31, 32, 33, 34, 35, 36]
[60, 61, 62, 63, 64, 65, 66, 67, 68, 69, 70]
[124, 125, 126, 127, 128, 129, 130, 131, 132, 133, 134]
[16, 17, 18, 19, 20, 21, 22, 23, 24, 25, 26]
[91, 92, 93, 94, 95, 96, 97, 98, 99, 100, 101, 102, 103]
[17, 18, 19, 20, 21, 22, 23, 24, 25, 26, 27, 28, 29, 30, 31, 32]
[127, 128, 129, 130, 131, 132, 133, 134, 135, 136, 137, 138, 139, 140]
[48, 49, 50, 51, 52, 53, 54, 55, 56, 57, 58, 59, 60]
[56, 57, 58, 59, 60, 61, 62, 63, 64, 65, 66, 67, 68, 69, 70, 71]
[78, 79, 80, 81, 82, 83, 84, 85, 86, 87, 88, 89, 90]
[19, 20, 21, 22, 23, 24, 25, 26, 27, 28, 29]
[88, 89, 90, 91, 92, 93, 94, 95, 96, 97, 98, 99, 100, 101, 102, 103]
[87, 88, 89, 90, 91, 92, 93, 94, 95, 96, 97, 98, 99, 100, 101]
[133, 134, 135, 136, 137, 138, 139, 140, 141, 142, 143, 144, 145, 146, 147]
[91, 92, 93, 94, 95, 96, 97, 98, 99, 100, 101, 102, 103, 104, 105, 106]
[47, 48, 49, 50, 51, 52, 53, 54, 55, 56, 57, 58, 59]
[10, 11, 12, 13, 14, 15, 16, 17, 18, 19, 20, 21, 22]
[84, 85, 86, 87, 88, 89, 90, 91, 92, 93, 94, 95, 96]
[65, 66, 67, 68, 69, 70, 71, 72, 73, 74, 75, 76, 77]
[136, 137, 138, 139, 140, 141, 142, 143, 144, 145, 146, 147, 148]
[54, 55, 56, 57, 58, 59, 60, 61, 62, 63, 64, 65, 66]
[133, 134, 135, 136, 137, 138, 139, 140, 141, 142, 143, 144, 145, 146, 147, 148]
[32, 33, 34, 35, 36, 37, 38, 39, 40, 41, 42, 43]
[136, 137, 138, 139, 140, 141, 142, 143, 144, 145, 146, 147, 148, 149]
[33, 34, 35, 36, 37, 38, 39, 40, 41, 42, 43, 44, 45, 46, 47]
[107, 108, 109, 110, 111, 112, 113, 114, 115, 116, 117, 118, 119, 120]
[109, 110, 111, 112, 113, 114, 115, 116, 117, 118, 119]
[107, 108, 109, 110, 111, 112, 113, 114, 115, 116, 117]
[82, 83, 84, 85, 86, 87, 88, 89, 90, 91, 92, 93, 94]
[102, 103, 104, 105, 106, 107, 108, 109, 110, 111, 112]
[76, 77, 78, 79, 80, 81, 82, 83, 84, 85, 86]
[5, 6, 7, 8, 9, 10, 11, 12, 13, 14, 15]
[85, 86, 87, 88, 89, 90, 91, 92, 93, 94, 95, 96, 97, 98]
[92, 93, 94, 95, 96, 97, 98, 99, 100, 101, 102, 103, 104]
[30, 31, 32, 33, 34, 35, 36, 37, 38, 39, 40, 41, 42, 43, 44, 45]
[70, 71, 72, 73, 74, 75, 76, 77, 78, 79, 80, 81, 82]
[22, 23, 24, 25, 26, 27, 28, 29, 30, 31, 32]
[37, 38, 39, 40, 41, 42, 43, 44, 45, 46, 47, 48, 49, 50, 51, 52]
[13, 14, 15, 16, 17, 18, 19, 20, 21, 22, 23, 24, 25, 26, 27, 28]
[78, 79, 80, 81, 82, 83, 84, 85, 86, 87, 88]
[53, 54, 55, 56, 57, 58, 59, 60, 61, 62, 63, 64]
[122, 123, 124, 125, 126, 127, 128, 129, 130, 131, 132, 133, 134, 135, 136]
[123, 124, 125, 126, 127, 128, 129, 130, 131, 132, 133, 134, 135]
[126, 127, 128, 129, 130, 131, 132, 133, 134, 135, 136, 137]
[93, 94, 95, 96, 97, 98, 99, 100, 101, 102, 103, 104, 105, 106, 107]
[55, 56, 57, 58, 59, 60, 61, 62, 63, 64, 65, 66, 67]
[54, 55, 56, 57, 58, 59, 60, 61, 62, 63, 64]
[16, 17, 18, 19, 20, 21, 22, 23, 24, 25, 26, 27, 28, 29, 30, 31]
[67, 68, 69, 70, 71, 72, 73, 74, 75, 76, 77, 78, 79, 80, 81]
[52, 53, 54, 55, 56, 57, 58, 59, 60, 61, 62]
[61, 62, 63, 64, 65, 66, 67, 68, 69, 70, 71, 72, 73]
[10, 11, 12, 13, 14, 15, 16, 17, 18, 19, 20]
[121, 122, 123, 124, 125, 126, 127, 128, 129, 130, 131, 132, 133, 134, 135, 136]
[37, 38, 39, 40, 41, 42, 43, 44, 45, 46, 47, 48, 49]
[63, 64, 65, 66, 67, 68, 69, 70, 71, 72, 73, 74, 75, 76, 77]
[90, 91, 92, 93, 94, 95, 96, 97, 98, 99, 100, 101]
[43, 44, 45, 46, 47, 48, 49, 50, 51, 52, 53, 54, 55, 56, 57]
[17, 18, 19, 20, 21, 22, 23, 24, 25, 26, 27, 28]
[79, 80, 81, 82, 83, 84, 85, 86, 87, 88, 89, 90, 91, 92]
[64, 65, 66, 67, 68, 69, 70, 71, 72, 73, 74, 75]
[133, 134, 135, 136, 137, 138, 139, 140, 141, 142, 143, 144, 145, 146, 147]
[19, 20, 21, 22, 23, 24, 25, 26, 27, 28, 29, 30, 31, 32, 33]
[44, 45, 46, 47, 48, 49, 50, 51, 52, 53, 54, 55, 56, 57]
[30, 31, 32, 33, 34, 35, 36, 37, 38, 39, 40]
[126, 127, 128, 129, 130, 131, 132, 133, 134, 135, 136, 137, 138, 139, 140, 141]
[38, 39, 40, 41, 42, 43, 44, 45, 46, 47, 48, 49]
[30, 31, 32, 33, 34, 35, 36, 37, 38, 39, 40, 41, 42, 43, 44, 45]
[124, 125, 126, 127, 128, 129, 130, 131, 132, 133, 134]
[111, 112, 113, 114, 115, 116, 117, 118, 119, 120, 121, 122]
[69, 70, 71, 72, 73, 74, 75, 76, 77, 78, 79, 80, 81, 82]
[38, 39, 40, 41, 42, 43, 44, 45, 46, 47, 48, 49, 50, 51, 52, 53]
[127, 128, 129, 130, 131, 132, 133, 134, 135, 136, 137, 138, 139, 140, 141]
[119, 120, 121, 122, 123, 124, 125, 126, 127, 128, 129, 130]
[57, 58, 59, 60, 61, 62, 63, 64, 65, 66, 67, 68]
[122, 123, 124, 125, 126, 127, 128, 129, 130, 131, 132]
[43, 44, 45, 46, 47, 48, 49, 50, 51, 52, 53, 54, 55]
[14, 15, 16, 17, 18, 19, 20, 21, 22, 23, 24, 25, 26]
[9, 10, 11, 12, 13, 14, 15, 16, 17, 18, 19, 20, 21, 22, 23]
[91, 92, 93, 94, 95, 96, 97, 98, 99, 100, 101, 102, 103, 104, 105]
[5, 6, 7, 8, 9, 10, 11, 12, 13, 14, 15, 16, 17, 18, 19]
[12, 13, 14, 15, 16, 17, 18, 19, 20, 21, 22, 23, 24, 25, 26]
[93, 94, 95, 96, 97, 98, 99, 100, 101, 102, 103, 104, 105, 106, 107]
[102, 103, 104, 105, 106, 107, 108, 109, 110, 111, 112]
[59, 60, 61, 62, 63, 64, 65, 66, 67, 68, 69, 70, 71, 72, 73, 74]
[81, 82, 83, 84, 85, 86, 87, 88, 89, 90, 91, 92]
[4, 5, 6, 7, 8, 9, 10, 11, 12, 13, 14, 15, 16, 17, 18]
[98, 99, 100, 101, 102, 103, 104, 105, 106, 107, 108, 109, 110, 111, 112, 113]
[46, 47, 48, 49, 50, 51, 52, 53, 54, 55, 56, 57, 58]
[57, 58, 59, 60, 61, 62, 63, 64, 65, 66, 67, 68, 69]
[22, 23, 24, 25, 26, 27, 28, 29, 30, 31, 32, 33]
[79, 80, 81, 82, 83, 84, 85, 86, 87, 88, 89]
[56, 57, 58, 59, 60, 61, 62, 63, 64, 65, 66, 67, 68, 69, 70]
[77, 78, 79, 80, 81, 82, 83, 84, 85, 86, 87, 88, 89, 90]
[21, 22, 23, 24, 25, 26, 27, 28, 29, 30, 31, 32]
