[79, 81, 85, 86, 154, 180, 185, 206, 221, 250]
[9, 24, 31, 74, 89, 95, 193, 218, 230, 250]
[15, 33, 105, 138, 168, 179, 213, 217, 249, 250]
[10, 11, 21, 60, 73, 109, 204, 214, 243, 250]
[11, 25, 32, 38, 56, 65, 75, 96, 223, 250]
[128, 138, 149, 165, 175, 182, 214, 221, 231, 250]
[55, 69, 110, 118, 195, 210, 218, 227, 243, 250]
[29, 33, 44, 82, 125, 142, 168, 194, 237, 250]
[4, 21, 53, 106, 207, 208, 226, 231, 244, 250]
[33, 43, 45, 92, 115, 128, 183, 186, 219, 250]
[12, 29, 41, 174, 176, 181, 196, 205, 235, 250]
[22, 41, 90, 138, 155, 191, 206, 241, 243, 250]
[15, 61, 87, 93, 101, 121, 123, 190, 210, 250]
[12, 17, 22, 108, 135, 154, 165, 169, 179, 250]
[43, 88, 145, 162, 179, 198, 206, 207, 217, 250]
[120, 122, 128, 174, 182, 209, 224, 243, 248, 250]
[11, 26, 29, 111, 123, 138, 139, 220, 242, 250]
[2, 7, 61, 77, 108, 162, 167, 208, 246, 250]
[1, 8, 54, 73, 119, 122, 179, 180, 219, 250]
[52, 63, 97, 113, 118, 159, 169, 203, 244, 250]
[50, 75, 116, 121, 140, 151, 166, 224, 226, 250]
[3, 41, 58, 127, 130, 136, 152, 161, 214, 250]
[5, 84, 93, 146, 147, 148, 176, 221, 233, 250]
[10, 94, 105, 123, 162, 213, 215, 219, 238, 250]
[39, 71, 113, 122, 151, 163, 172, 178, 226, 250]
[30, 32, 41, 96, 98, 120, 148, 169, 189, 250]
[1, 2, 55, 85, 159, 231, 241, 247, 248, 250]
[11, 44, 49, 89, 116, 131, 172, 204, 219, 250]
[54, 58, 84, 94, 114, 145, 177, 194, 217, 250]
[47, 50, 53, 68, 73, 165, 168, 177, 229, 250]
[0, 21, 39, 82, 101, 107, 125, 144, 240, 250]
[21, 34, 92, 108, 126, 144, 145, 187, 197, 250]
[28, 63, 97, 124, 140, 179, 188, 235, 238, 250]
[19, 48, 50, 59, 72, 97, 166, 220, 243, 250]
[51, 55, 68, 103, 129, 165, 188, 208, 215, 250]
[3, 7, 20, 36, 88, 103, 121, 127, 163, 250]
[34, 45, 57, 90, 149, 169, 176, 234, 240, 250]
[15, 39, 75, 85, 97, 153, 199, 238, 247, 250]
[13, 14, 48, 53, 63, 67, 121, 122, 180, 250]
[40, 46, 168, 174, 183, 189, 207, 228, 249, 250]
[12, 24, 28, 51, 63, 71, 77, 94, 142, 250]
[15, 22, 40, 84, 105, 125, 181, 189, 212, 250]
[72, 76, 87, 145, 152, 171, 177, 180, 241, 250]
[2, 73, 95, 146, 147, 158, 168, 221, 237, 250]
[3, 7, 132, 139, 144, 166, 172, 186, 203, 250]
[6, 128, 130, 134, 135, 165, 182, 188, 247, 250]
[2, 22, 27, 85, 100, 127, 133, 203, 245, 250]
[34, 77, 105, 109, 133, 154, 163, 215, 219, 250]
[5, 111, 126, 163, 199, 220, 240, 244, 247, 250]
[26, 47, 69, 78, 81, 130, 136, 152, 177, 250]
[12, 45, 94, 126, 133, 178, 200, 202, 226, 250]
[25, 37, 65, 85, 96, 117, 155, 228, 245, 250]
[8, 10, 20, 62, 77, 100, 145, 161, 178, 250]
[12, 21, 143, 154, 170, 176, 179, 201, 235, 250]
[77, 111, 114, 148, 149, 160, 207, 217, 222, 250]
[36, 45, 91, 104, 111, 140, 176, 179, 214, 250]
[32, 38, 43, 53, 91, 121, 160, 186, 201, 250]
[3, 25, 26, 35, 135, 136, 156, 177, 208, 250]
[6, 81, 90, 91, 100, 171, 205, 211, 229, 250]
[14, 35, 43, 59, 95, 130, 132, 186, 220, 250]
[9, 61, 148, 162, 171, 178, 193, 221, 227, 250]
[1, 46, 67, 71, 115, 147, 208, 233, 248, 250]
[46, 58, 99, 110, 132, 180, 190, 202, 231, 250]
[30, 63, 102, 118, 133, 159, 169, 226, 237, 250]
[14, 31, 70, 112, 173, 191, 195, 204, 211, 250]
[20, 39, 41, 51, 95, 98, 124, 168, 245, 250]
[17, 113, 141, 169, 173, 205, 228, 236, 240, 250]
[3, 112, 127, 142, 157, 176, 231, 239, 244, 250]
[47, 51, 77, 78, 86, 113, 117, 149, 153, 250]
[0, 43, 48, 55, 90, 158, 191, 201, 217, 250]
[20, 42, 101, 111, 133, 175, 185, 214, 217, 250]
[6, 60, 70, 76, 114, 170, 183, 187, 249, 250]
[33, 65, 88, 99, 142, 156, 164, 178, 192, 250]
[31, 37, 53, 67, 81, 107, 118, 120, 178, 250]
[34, 54, 79, 94, 101, 206, 208, 209, 233, 250]
[29, 59, 89, 91, 102, 123, 150, 222, 239, 250]
[26, 56, 89, 158, 167, 193, 211, 219, 226, 250]
[33, 80, 89, 104, 105, 148, 150, 207, 230, 250]
[11, 37, 38, 139, 150, 160, 183, 193, 198, 250]
[12, 36, 43, 55, 59, 133, 160, 176, 186, 250]
[40, 104, 111, 116, 145, 171, 194, 201, 220, 250]
[6, 50, 62, 118, 119, 129, 155, 185, 240, 250]
[18, 34, 76, 119, 147, 157, 168, 188, 210, 250]
[0, 13, 21, 54, 70, 86, 95, 148, 219, 250]
[0, 20, 31, 110, 118, 146, 171, 189, 241, 250]
[8, 22, 63, 111, 130, 144, 145, 148, 176, 250]
[32, 40, 41, 102, 128, 166, 191, 204, 214, 250]
[44, 52, 96, 104, 122, 129, 134, 150, 239, 250]
[3, 44, 85, 119, 138, 150, 189, 215, 225, 250]
[33, 37, 45, 126, 145, 184, 198, 219, 232, 250]
[23, 44, 73, 130, 164, 190, 212, 222, 245, 250]
[18, 45, 63, 95, 125, 171, 226, 233, 244, 250]
[10, 23, 149, 179, 185, 187, 197, 206, 212, 250]
[14, 38, 129, 154, 169, 171, 173, 207, 245, 250]
[46, 86, 89, 98, 110, 129, 130, 155, 200, 250]
[57, 58, 90, 118, 119, 121, 123, 201, 207, 250]
[23, 37, 96, 116, 131, 135, 149, 154, 157, 250]
[51, 55, 56, 130, 188, 202, 217, 242, 243, 250]
[1, 99, 113, 127, 132, 146, 201, 204, 223, 250]
[0, 38, 68, 81, 86, 125, 144, 146, 194, 250]
[11, 23, 71, 116, 134, 168, 188, 227, 233, 250]
[9, 27, 54, 70, 153, 206, 210, 219, 227, 250]
[17, 23, 27, 69, 94, 114, 152, 160, 244, 250]
[25, 42, 58, 73, 108, 131, 181, 225, 244, 250]
[75, 76, 120, 122, 204, 211, 212, 214, 234, 250]
[7, 17, 26, 65, 98, 136, 179, 230, 241, 250]
[24, 28, 170, 195, 199, 216, 232, 242, 246, 250]
[12, 42, 72, 95, 139, 147, 176, 233, 244, 250]
[17, 95, 110, 126, 136, 144, 145, 163, 223, 250]
[18, 33, 62, 79, 109, 114, 162, 180, 237, 250]
[33, 40, 82, 136, 157, 162, 164, 242, 244, 250]
[12, 40, 66, 68, 114, 175, 207, 208, 215, 250]
[5, 9, 100, 137, 139, 141, 146, 183, 184, 250]
[7, 66, 100, 102, 119, 124, 168, 233, 244, 250]
[36, 70, 80, 114, 143, 209, 215, 232, 234, 250]
[1, 23, 37, 75, 127, 143, 150, 216, 227, 250]
[2, 3, 14, 20, 51, 64, 145, 183, 189, 250]
[7, 18, 71, 125, 131, 165, 172, 191, 200, 250]
[1, 4, 14, 39, 94, 108, 229, 230, 235, 250]
[7, 16, 25, 81, 128, 137, 140, 169, 214, 250]
[64, 75, 84, 88, 89, 117, 133, 135, 158, 250]
[11, 32, 54, 71, 157, 168, 180, 185, 231, 250]
[20, 21, 76, 86, 182, 200, 207, 232, 244, 250]
[25, 46, 56, 67, 96, 102, 108, 200, 246, 250]
[7, 36, 46, 57, 85, 130, 153, 178, 246, 250]
[16, 32, 50, 53, 64, 112, 118, 125, 227, 250]
[46, 128, 139, 148, 149, 153, 183, 207, 209, 250]
[1, 10, 22, 64, 70, 101, 152, 241, 243, 250]
[11, 46, 98, 124, 161, 167, 183, 192, 246, 250]
[0, 9, 42, 107, 128, 159, 176, 212, 248, 250]
[21, 25, 49, 60, 84, 105, 106, 195, 231, 250]
[3, 23, 35, 54, 74, 84, 209, 221, 240, 250]
[30, 36, 45, 47, 55, 65, 77, 176, 197, 250]
[1, 32, 89, 95, 140, 168, 173, 175, 201, 250]
[11, 29, 44, 83, 108, 116, 150, 191, 211, 250]
[49, 51, 59, 119, 125, 155, 171, 175, 209, 250]
[33, 59, 87, 89, 147, 171, 185, 192, 212, 250]
[2, 35, 135, 145, 153, 200, 203, 228, 234, 250]
[23, 80, 97, 128, 149, 154, 155, 158, 228, 250]
[53, 61, 71, 100, 111, 190, 194, 222, 241, 250]
[20, 52, 61, 95, 97, 132, 136, 192, 231, 250]
[6, 16, 23, 53, 61, 66, 94, 107, 249, 250]
[39, 63, 71, 108, 129, 137, 197, 208, 245, 250]
[25, 28, 92, 150, 176, 182, 204, 209, 224, 250]
[15, 42, 59, 70, 76, 132, 154, 227, 247, 250]
[11, 23, 55, 79, 89, 114, 151, 166, 186, 250]
[33, 75, 90, 95, 98, 118, 143, 190, 204, 250]
[5, 26, 108, 162, 192, 217, 219, 227, 241, 250]
[61, 120, 131, 132, 141, 159, 161, 203, 226, 250]
[23, 48, 50, 97, 145, 176, 205, 223, 246, 250]
[3, 96, 107, 144, 173, 175, 180, 199, 217, 250]
[24, 35, 59, 79, 116, 155, 159, 188, 223, 250]
[13, 55, 56, 84, 102, 156, 181, 213, 234, 250]
[54, 80, 86, 107, 139, 178, 198, 224, 243, 250]
[51, 59, 83, 106, 120, 146, 175, 202, 244, 250]
[32, 43, 47, 78, 121, 152, 163, 229, 231, 250]
[35, 47, 66, 90, 166, 209, 214, 235, 239, 250]
[5, 39, 79, 133, 145, 173, 188, 218, 246, 250]
[72, 113, 132, 134, 153, 165, 235, 238, 244, 250]
[14, 45, 52, 61, 65, 120, 213, 215, 217, 250]
[9, 29, 64, 70, 94, 113, 145, 163, 248, 250]
[17, 60, 83, 89, 155, 167, 185, 224, 225, 250]
[9, 81, 88, 95, 120, 121, 160, 196, 245, 250]
[6, 28, 39, 52, 55, 136, 208, 210, 238, 250]
[56, 96, 103, 134, 149, 160, 188, 233, 238, 250]
[8, 31, 97, 143, 155, 182, 214, 220, 232, 250]
[95, 141, 151, 154, 162, 174, 232, 235, 238, 250]
[11, 13, 63, 70, 88, 93, 101, 113, 197, 250]
[7, 16, 141, 153, 154, 173, 196, 240, 245, 250]
[33, 84, 88, 112, 146, 155, 179, 198, 200, 250]
[14, 40, 59, 68, 131, 207, 233, 234, 240, 250]
[18, 33, 45, 47, 94, 173, 181, 242, 243, 250]
[15, 32, 104, 123, 157, 181, 188, 194, 222, 250]
[3, 42, 61, 134, 144, 164, 204, 237, 240, 250]
[9, 61, 114, 115, 119, 140, 169, 201, 248, 250]
[4, 13, 30, 60, 76, 117, 119, 169, 248, 250]
[3, 32, 53, 91, 130, 174, 227, 235, 238, 250]
[16, 39, 64, 73, 99, 103, 124, 193, 225, 250]
[20, 108, 184, 190, 209, 234, 235, 236, 247, 250]
[43, 66, 111, 115, 171, 191, 201, 224, 229, 250]
[44, 75, 81, 98, 111, 116, 123, 205, 218, 250]
[11, 59, 69, 96, 123, 131, 175, 206, 212, 250]
[7, 17, 19, 41, 50, 60, 119, 223, 237, 250]
[41, 74, 98, 104, 137, 147, 164, 172, 220, 250]
[25, 56, 63, 71, 74, 150, 170, 230, 247, 250]
[5, 10, 18, 36, 102, 122, 178, 187, 238, 250]
[22, 54, 102, 104, 105, 106, 113, 146, 248, 250]
[52, 84, 107, 149, 168, 172, 218, 229, 239, 250]
[38, 85, 104, 135, 140, 188, 192, 216, 219, 250]
[5, 11, 63, 149, 161, 193, 215, 224, 233, 250]
[17, 29, 67, 73, 82, 103, 125, 162, 212, 250]
[90, 95, 119, 184, 185, 223, 225, 226, 240, 250]
[34, 38, 45, 47, 96, 168, 179, 227, 234, 250]
[3, 23, 47, 50, 125, 164, 172, 196, 201, 250]
[15, 20, 21, 23, 44, 46, 98, 233, 240, 250]
[35, 56, 77, 155, 179, 201, 203, 206, 232, 250]
[7, 12, 42, 52, 82, 89, 157, 164, 207, 250]
[6, 34, 71, 151, 186, 189, 196, 216, 247, 250]
[12, 19, 57, 99, 106, 113, 126, 184, 230, 250]
[12, 23, 26, 46, 99, 173, 178, 194, 201, 250]
[22, 59, 155, 156, 188, 207, 215, 218, 230, 250]
[54, 119, 133, 138, 167, 197, 216, 226, 245, 250]
[11, 45, 55, 67, 92, 93, 94, 107, 193, 250]
[17, 23, 34, 59, 96, 131, 151, 172, 248, 250]
[3, 19, 23, 145, 157, 175, 182, 212, 222, 250]
[1, 45, 47, 61, 83, 88, 103, 130, 192, 250]
[10, 111, 136, 139, 173, 177, 181, 233, 236, 250]
[4, 49, 66, 83, 158, 195, 217, 224, 228, 250]
[39, 49, 81, 91, 104, 162, 208, 221, 245, 250]
[3, 8, 42, 86, 90, 127, 219, 229, 249, 250]
[6, 64, 76, 110, 148, 186, 206, 222, 235, 250]
[41, 59, 60, 89, 92, 97, 127, 140, 234, 250]
[74, 78, 92, 96, 115, 147, 176, 246, 247, 250]
[78, 79, 108, 134, 183, 194, 219, 227, 246, 250]
[23, 48, 52, 73, 81, 122, 183, 217, 245, 250]
[28, 63, 72, 122, 141, 206, 214, 229, 240, 250]
[47, 149, 157, 159, 161, 196, 197, 218, 233, 250]
[4, 6, 55, 73, 128, 162, 165, 189, 193, 250]
[23, 91, 105, 112, 121, 143, 170, 208, 212, 250]
[54, 82, 142, 155, 182, 201, 214, 216, 226, 250]
[15, 36, 59, 61, 97, 114, 177, 238, 243, 250]
[5, 39, 49, 54, 89, 120, 131, 198, 204, 250]
[111, 117, 151, 162, 186, 199, 218, 240, 244, 250]
[1, 8, 55, 72, 103, 111, 132, 201, 215, 250]
[3, 5, 37, 53, 64, 90, 100, 135, 176, 250]
[4, 39, 48, 73, 105, 145, 206, 222, 245, 250]
[8, 44, 48, 52, 165, 212, 235, 236, 248, 250]
[1, 36, 69, 88, 131, 161, 188, 216, 224, 250]
[18, 114, 123, 135, 189, 208, 224, 228, 229, 250]
[8, 17, 34, 49, 124, 155, 188, 189, 196, 250]
[0, 1, 13, 83, 199, 205, 206, 225, 226, 250]
[33, 44, 65, 72, 100, 136, 147, 194, 235, 250]
[4, 10, 27, 34, 45, 100, 110, 141, 191, 250]
[60, 74, 114, 124, 135, 154, 166, 175, 190, 250]
[0, 49, 74, 121, 140, 180, 214, 223, 237, 250]
[21, 39, 97, 116, 147, 173, 177, 202, 206, 250]
[0, 24, 37, 51, 70, 124, 186, 225, 248, 250]
[21, 35, 122, 131, 135, 140, 184, 194, 243, 250]
[33, 45, 48, 80, 113, 183, 190, 211, 224, 250]
[19, 25, 69, 83, 101, 107, 170, 192, 220, 250]
[11, 42, 50, 82, 120, 176, 196, 216, 237, 250]
[56, 72, 108, 128, 142, 151, 197, 230, 237, 250]
[50, 104, 127, 130, 175, 182, 188, 193, 207, 250]
[65, 138, 169, 185, 188, 222, 224, 235, 246, 250]
[22, 37, 40, 63, 83, 131, 156, 202, 225, 250]
[17, 43, 63, 78, 114, 158, 187, 214, 232, 250]
[22, 54, 58, 67, 121, 123, 163, 206, 238, 250]
[24, 35, 54, 118, 174, 180, 201, 240, 243, 250]
[4, 17, 55, 88, 156, 190, 192, 216, 224, 250]
[47, 64, 148, 177, 181, 211, 218, 221, 229, 250]
