[58, 59, 60, 61, 62, 63, 64, 65, 66, 67]
[89, 90, 91, 92, 93, 94]
[35, 36, 37, 38, 39, 40]
[6, 7, 8, 9, 10, 11, 12, 13]
[70, 71, 72, 73, 74, 75, 76, 77, 78, 79, 80]
[81, 82, 83, 84, 85, 86]
[70, 71, 72, 73, 74, 75, 76, 77]
[93, 94, 95, 96, 97, 98, 99, 100]
[55, 56, 57, 58, 59, 60, 61, 62, 63]
[12, 13, 14, 15, 16, 17, 18, 19, 20, 21]
[13, 14, 15, 16, 17, 18, 19, 20, 21, 22]
[18, 19, 20, 21, 22, 23, 24, 25, 26, 27]
[19, 20, 21, 22, 23, 24, 25]
[30, 31, 32, 33, 34, 35]
[51, 52, 53, 54, 55, 56, 57, 58, 59]
[92, 93, 94, 95, 96, 97, 98]
[13, 14, 15, 16, 17, 18, 19, 20, 21, 22]
[36, 37, 38, 39, 40, 41, 42, 43, 44]
[58, 59, 60, 61, 62, 63, 64, 65, 66]
[33, 34, 35, 36, 37, 38, 39, 40, 41, 42, 43]
[41, 42, 43, 44, 45, 46, 47, 48]
[16, 17, 18, 19, 20, 21, 22, 23, 24, 25, 26]
[46, 47, 48, 49, 50, 51, 52, 53, 54, 55, 56]
[15, 16, 17, 18, 19, 20, 21, 22, 23]
[44, 45, 46, 47, 48, 49, 50, 51, 52]
[57, 58, 59, 60, 61, 62, 63, 64]
[84, 85, 86, 87, 88, 89, 90, 91, 92, 93, 94]
[18, 19, 20, 21, 22, 23, 24, 25, 26]
[71, 72, 73, 74, 75, 76, 77]
[6, 7, 8, 9, 10, 11, 12, 13]
[9, 10, 11, 12, 13, 14, 15, 16]
[86, 87, 88, 89, 90, 91]
[67, 68, 69, 70, 71, 72, 73, 74, 75, 76, 77]
[62, 63, 64, 65, 66, 67, 68, 69, 70]
[15, 16, 17, 18, 19, 20, 21, 22, 23, 24]
[27, 28, 29, 30, 31, 32, 33, 34, 35, 36, 37]
[55, 56, 57, 58, 59, 60, 61, 62, 63, 64, 65]
[8, 9, 10, 11, 12, 13]
[84, 85, 86, 87, 88, 89, 90]
[19, 20, 21, 22, 23, 24, 25, 26, 27, 28, 29]
[35, 36, 37, 38, 39, 40, 41, 42, 43, 44, 45]
[26, 27, 28, 29, 30, 31, 32]
[26, 27, 28, 29, 30, 31]
[64, 65, 66, 67, 68, 69]
[22, 23, 24, 25, 26, 27, 28]
[33, 34, 35, 36, 37, 38, 39, 40]
[54, 55, 56, 57, 58, 59]
[43, 44, 45, 46, 47, 48, 49, 50, 51]
[48, 49, 50, 51, 52, 53, 54]
[56, 57, 58, 59, 60, 61]
[60, 61, 62, 63, 64, 65, 66, 67, 68, 69]
[93, 94, 95, 96, 97, 98]
[30, 31, 32, 33, 34, 35, 36, 37, 38]
[14, 15, 16, 17, 18, 19]
[90, 91, 92, 93, 94, 95, 96, 97, 98]
[77, 78, 79, 80, 81, 82, 83, 84, 85, 86, 87]
[25, 26, 27, 28, 29, 30, 31, 32, 33, 34, 35]
[80, 81, 82, 83, 84, 85, 86]
[56, 57, 58, 59, 60, 61, 62]
[9, 10, 11, 12, 13, 14, 15, 16, 17, 18]
[42, 43, 44, 45, 46, 47, 48, 49, 50, 51, 52]
[27, 28, 29, 30, 31, 32, 33]
[17, 18, 19, 20, 21, 22, 23, 24]
[59, 60, 61, 62, 63, 64, 65, 66]
[82, 83, 84, 85, 86, 87]
[11, 12, 13, 14, 15, 16, 17, 18, 19]
[53, 54, 55, 56, 57, 58]
[24, 25, 26, 27, 28, 29, 30, 31, 32, 33]
[69, 70, 71, 72, 73, 74, 75]
[70, 71, 72, 73, 74, 75, 76]
[50, 51, 52, 53, 54, 55, 56, 57]
[6, 7, 8, 9, 10, 11, 12]
[56, 57, 58, 59, 60, 61, 62]
[72, 73, 74, 75, 76, 77, 78]
[29, 30, 31, 32, 33, 34, 35, 36, 37, 38]
[85, 86, 87, 88, 89, 90, 91, 92]
[58, 59, 60, 61, 62, 63, 64, 65]
[64, 65, 66, 67, 68, 69, 70, 71]
[32, 33, 34, 35, 36, 37, 38, 39, 40, 41]
[16, 17, 18, 19, 20, 21, 22]
[48, 49, 50, 51, 52, 53, 54, 55]
[1, 2, 3, 4, 5, 6, 7, 8, 9, 10, 11]
[56, 57, 58, 59, 60, 61, 62]
[78, 79, 80, 81, 82, 83]
[41, 42, 43, 44, 45, 46, 47, 48, 49, 50, 51]
[22, 23, 24, 25, 26, 27, 28]
[8, 9, 10, 11, 12, 13, 14, 15, 16, 17]
[66, 67, 68, 69, 70, 71, 72]
[78, 79, 80, 81, 82, 83, 84]
[28, 29, 30, 31, 32, 33, 34, 35, 36, 37]
[94, 95, 96, 97, 98, 99]
[68, 69, 70, 71, 72, 73]
[81, 82, 83, 84, 85, 86, 87, 88, 89, 90]
[71, 72, 73, 74, 75, 76, 77]
[53, 54, 55, 56, 57, 58]
[81, 82, 83, 84, 85, 86]
[80, 81, 82, 83, 84, 85]
[44, 45, 46, 47, 48, 49, 50]
[66, 67, 68, 69, 70, 71]
[31, 32, 33, 34, 35, 36, 37, 38]
[3, 4, 5, 6, 7, 8, 9, 10, 11, 12, 13]
[0, 1, 2, 3, 4, 5, 6]
[27, 28, 29, 30, 31, 32, 33, 34]
[46, 47, 48, 49, 50, 51, 52, 53, 54]
[48, 49, 50, 51, 52, 53]
[29, 30, 31, 32, 33, 34, 35, 36, 37, 38]
[78, 79, 80, 81, 82, 83, 84]
[5, 6, 7, 8, 9, 10, 11, 12, 13]
[55, 56, 57, 58, 59, 60, 61, 62, 63, 64]
[83, 84, 85, 86, 87, 88, 89, 90, 91, 92]
[64, 65, 66, 67, 68, 69, 70, 71, 72]
[55, 56, 57, 58, 59, 60, 61]
[56, 57, 58, 59, 60, 61, 62, 63]
[79, 80, 81, 82, 83, 84]
[92, 93, 94, 95, 96, 97, 98, 99, 100]
[13, 14, 15, 16, 17, 18, 19, 20, 21, 22]
[48, 49, 50, 51, 52, 53, 54, 55, 56, 57, 58]
[66, 67, 68, 69, 70, 71]
[61, 62, 63, 64, 65, 66, 67, 68, 69]
[37, 38, 39, 40, 41, 42, 43, 44, 45, 46, 47]
[62, 63, 64, 65, 66, 67]
[38, 39, 40, 41, 42, 43, 44, 45, 46, 47, 48]
[28, 29, 30, 31, 32, 33, 34, 35, 36, 37, 38]
[26, 27, 28, 29, 30, 31, 32, 33, 34, 35]
[89, 90, 91, 92, 93, 94, 95, 96, 97, 98]
[65, 66, 67, 68, 69, 70, 71]
[54, 55, 56, 57, 58, 59, 60, 61]
[19, 20, 21, 22, 23, 24, 25, 26, 27, 28]
[49, 50, 51, 52, 53, 54, 55, 56, 57, 58, 59]
[19, 20, 21, 22, 23, 24]
[12, 13, 14, 15, 16, 17, 18, 19, 20, 21, 22]
[38, 39, 40, 41, 42, 43]
[36, 37, 38, 39, 40, 41, 42, 43]
[56, 57, 58, 59, 60, 61, 62, 63, 64, 65]
[52, 53, 54, 55, 56, 57, 58]
[14, 15, 16, 17, 18, 19, 20, 21]
[42, 43, 44, 45, 46, 47, 48]
[73, 74, 75, 76, 77, 78]
[49, 50, 51, 52, 53, 54]
[77, 78, 79, 80, 81, 82, 83, 84]
[47, 48, 49, 50, 51, 52, 53]
[64, 65, 66, 67, 68, 69, 70, 71]
[54, 55, 56, 57, 58, 59, 60]
[84, 85, 86, 87, 88, 89]
[41, 42, 43, 44, 45, 46, 47, 48]
[0, 1, 2, 3, 4, 5, 6, 7, 8, 9, 10]
[60, 61, 62, 63, 64, 65, 66, 67, 68, 69, 70]
[89, 90, 91, 92, 93, 94, 95, 96, 97]
[56, 57, 58, 59, 60, 61, 62, 63, 64]
[45, 46, 47, 48, 49, 50, 51]
[71, 72, 73, 74, 75, 76, 77]
[5, 6, 7, 8, 9, 10]
[60, 61, 62, 63, 64, 65, 66]
[87, 88, 89, 90, 91, 92, 93, 94]
[59, 60, 61, 62, 63, 64, 65, 66, 67]
[46, 47, 48, 49, 50, 51]
[37, 38, 39, 40, 41, 42, 43, 44, 45]
[41, 42, 43, 44, 45, 46]
[32, 33, 34, 35, 36, 37, 38, 39, 40, 41, 42]
[64, 65, 66, 67, 68, 69, 70, 71, 72, 73, 74]
[69, 70, 71, 72, 73, 74, 75, 76, 77]
[86, 87, 88, 89, 90, 91, 92, 93, 94]
[32, 33, 34, 35, 36, 37, 38, 39, 40]
[48, 49, 50, 51, 52, 53, 54]
[36, 37, 38, 39, 40, 41, 42, 43, 44, 45, 46]
[84, 85, 86, 87, 88, 89, 90, 91]
[78, 79, 80, 81, 82, 83, 84, 85, 86, 87, 88]
[53, 54, 55, 56, 57, 58, 59, 60]
[37, 38, 39, 40, 41, 42, 43, 44, 45, 46, 47]
[62, 63, 64, 65, 66, 67, 68, 69, 70, 71]
[61, 62, 63, 64, 65, 66, 67]
[65, 66, 67, 68, 69, 70, 71, 72, 73, 74]
[86, 87, 88, 89, 90, 91]
[74, 75, 76, 77, 78, 79, 80, 81, 82]
[29, 30, 31, 32, 33, 34, 35, 36]
[3, 4, 5, 6, 7, 8, 9]
[21, 22, 23, 24, 25, 26, 27]
[16, 17, 18, 19, 20, 21]
[89, 90, 91, 92, 93, 94, 95, 96]
[29, 30, 31, 32, 33, 34, 35, 36, 37, 38, 39]
[67, 68, 69, 70, 71, 72]
[71, 72, 73, 74, 75, 76, 77, 78, 79, 80]
[27, 28, 29, 30, 31, 32, 33, 34, 35, 36, 37]
[71, 72, 73, 74, 75, 76, 77, 78, 79]
[39, 40, 41, 42, 43, 44]
[19, 20, 21, 22, 23, 24, 25, 26, 27]
[24, 25, 26, 27, 28, 29]
[44, 45, 46, 47, 48, 49, 50, 51, 52, 53]
[60, 61, 62, 63, 64, 65, 66, 67, 68, 69]
[93, 94, 95, 96, 97, 98, 99, 100]
[87, 88, 89, 90, 91, 92, 93]
[2, 3, 4, 5, 6, 7, 8, 9, 10]
[52, 53, 54, 55, 56, 57, 58, 59, 60, 61]
[12, 13, 14, 15, 16, 17, 18]
[69, 70, 71, 72, 73, 74]
[31, 32, 33, 34, 35, 36, 37, 38, 39, 40, 41]
[71, 72, 73, 74, 75, 76, 77, 78, 79]
[89, 90, 91, 92, 93, 94, 95, 96, 97, 98]
[49, 50, 51, 52, 53, 54, 55]
[23, 24, 25, 26, 27, 28, 29, 30, 31, 32]
[9, 10, 11, 12, 13, 14, 15, 16, 17, 18]
[94, 95, 96, 97, 98, 99]
[21, 22, 23, 24, 25, 26, 27]
[0, 1, 2, 3, 4, 5, 6, 7]
[55, 56, 57, 58, 59, 60, 61, 62, 63, 64]
[77, 78, 79, 80, 81, 82, 83]
[3, 4, 5, 6, 7, 8, 9, 10]
[62, 63, 64, 65, 66, 67, 68, 69, 70]
[88, 89, 90, 91, 92, 93, 94, 95, 96, 97, 98]
[44, 45, 46, 47, 48, 49]
[47, 48, 49, 50, 51, 52, 53, 54, 55]
[11, 12, 13, 14, 15, 16, 17, 18, 19]
[55, 56, 57, 58, 59, 60, 61, 62, 63, 64]
[68, 69, 70, 71, 72, 73, 74, 75, 76, 77, 78]
[87, 88, 89, 90, 91, 92, 93, 94, 95, 96]
[46, 47, 48, 49, 50, 51, 52, 53, 54, 55, 56]
[0, 1, 2, 3, 4, 5, 6, 7, 8]
[46, 47, 48, 49, 50, 51, 52, 53, 54]
[60, 61, 62, 63, 64, 65, 66]
[54, 55, 56, 57, 58, 59]
[90, 91, 92, 93, 94, 95, 96, 97, 98]
[52, 53, 54, 55, 56, 57, 58, 59, 60, 61, 62]
[80, 81, 82, 83, 84, 85, 86, 87, 88]
[73, 74, 75, 76, 77, 78, 79, 80, 81, 82]
[73, 74, 75, 76, 77, 78, 79, 80, 81]
[67, 68, 69, 70, 71, 72, 73]
[9, 10, 11, 12, 13, 14, 15, 16, 17, 18, 19]
[83, 84, 85, 86, 87, 88]
[94, 95, 96, 97, 98, 99, 100]
[23, 24, 25, 26, 27, 28, 29, 30, 31]
[56, 57, 58, 59, 60, 61, 62]
[57, 58, 59, 60, 61, 62, 63, 64]
[67, 68, 69, 70, 71, 72, 73, 74, 75, 76]
[66, 67, 68, 69, 70, 71]
[50, 51, 52, 53, 54, 55, 56, 57, 58, 59]
[61, 62, 63, 64, 65, 66]
[50, 51, 52, 53, 54, 55, 56]
[46, 47, 48, 49, 50, 51, 52, 53]
[10, 11, 12, 13, 14, 15, 16]
[90, 91, 92, 93, 94, 95, 96, 97]
[35, 36, 37, 38, 39, 40, 41, 42, 43, 44]
[63, 64, 65, 66, 67, 68, 69, 70]
[41, 42, 43, 44, 45, 46, 47, 48, 49]
[2, 3, 4, 5, 6, 7]
[6, 7, 8, 9, 10, 11, 12, 13, 14]
[74, 75, 76, 77, 78, 79, 80, 81, 82, 83, 84]
[66, 67, 68, 69, 70, 71, 72, 73, 74]
[59, 60, 61, 62, 63, 64, 65, 66, 67, 68]
[21, 22, 23, 24, 25, 26, 27, 28, 29]
[12, 13, 14, 15, 16, 17]
