[22, 26, 83, 124, 148, 184, 211, 219, 318, 320]
[4, 26, 109, 189, 194, 262, 343, 384, 391, 397]
[5, 65, 107, 124, 127, 213, 270, 277, 304, 364]
[27, 100, 152, 170, 205, 245, 253, 278, 314, 318]
[35, 55, 59, 75, 79, 156, 165, 166, 233, 265]
[13, 60, 88, 146, 164, 255, 268, 363, 371, 383]
[5, 7, 95, 137, 187, 350, 358, 370, 390, 394]
[24, 43, 75, 78, 98, 138, 146, 173, 254, 358]
[22, 34, 151, 162, 227, 301, 303, 365, 387, 389]
[0, 41, 99, 128, 208, 275, 286, 311, 366, 395]
[22, 23, 83, 93, 104, 214, 246, 347, 384, 400]
[114, 117, 132, 189, 195, 227, 240, 299, 350, 378]
[37, 102, 189, 219, 271, 298, 316, 320, 364, 373]
[61, 147, 178, 212, 232, 237, 245, 325, 380, 392]
[11, 36, 170, 171, 172, 194, 210, 256, 271, 298]
[63, 78, 102, 110, 128, 183, 228, 230, 267, 300]
[12, 78, 126, 157, 259, 270, 289, 319, 346, 366]
[46, 64, 128, 225, 252, 259, 264, 298, 353, 370]
[2, 47, 76, 134, 160, 203, 214, 240, 278, 398]
[81, 106, 119, 145, 156, 162, 169, 191, 247, 276]
[25, 75, 166, 191, 209, 234, 244, 254, 374, 379]
[94, 100, 167, 196, 223, 261, 317, 382, 390, 396]
[63, 89, 105, 157, 165, 181, 233, 271, 336, 380]
[62, 71, 144, 151, 196, 200, 205, 246, 333, 391]
[34, 63, 107, 122, 159, 175, 256, 299, 348, 360]
[102, 111, 137, 147, 169, 286, 303, 313, 315, 358]
[187, 198, 214, 217, 224, 231, 254, 277, 312, 319]
[69, 143, 162, 184, 227, 230, 237, 276, 323, 389]
[71, 78, 89, 123, 144, 219, 246, 273, 306, 391]
[28, 58, 113, 149, 170, 180, 196, 276, 306, 369]
[33, 43, 45, 84, 169, 227, 271, 288, 295, 386]
[1, 4, 49, 118, 172, 269, 295, 307, 353, 396]
[38, 54, 63, 133, 156, 181, 228, 326, 349, 379]
[9, 42, 50, 106, 110, 196, 204, 246, 293, 391]
[89, 143, 155, 156, 169, 178, 181, 187, 219, 330]
[16, 52, 61, 106, 162, 204, 236, 358, 377, 388]
[35, 51, 147, 163, 187, 188, 219, 292, 297, 376]
[26, 39, 49, 113, 125, 165, 221, 228, 284, 291]
[29, 36, 50, 178, 179, 187, 293, 314, 319, 373]
[1, 51, 217, 227, 243, 276, 325, 357, 376, 383]
[62, 143, 293, 316, 330, 363, 373, 379, 388, 389]
[7, 45, 124, 163, 213, 259, 261, 281, 293, 347]
[6, 26, 37, 45, 67, 123, 247, 336, 363, 384]
[0, 12, 126, 155, 184, 226, 267, 301, 309, 376]
[4, 13, 74, 88, 102, 111, 210, 218, 342, 344]
[10, 120, 153, 167, 180, 219, 221, 295, 315, 352]
[9, 76, 85, 86, 161, 214, 250, 261, 264, 325]
[74, 89, 101, 103, 155, 241, 246, 298, 367, 370]
[8, 45, 165, 194, 201, 225, 268, 280, 312, 335]
[9, 23, 56, 87, 106, 112, 239, 351, 394, 400]
[0, 5, 23, 54, 128, 175, 304, 313, 351, 374]
[1, 12, 31, 129, 171, 216, 256, 333, 368, 394]
[17, 21, 106, 130, 153, 169, 242, 274, 327, 390]
[9, 81, 102, 104, 116, 174, 243, 350, 366, 373]
[48, 126, 161, 194, 230, 288, 299, 306, 330, 399]
[16, 19, 62, 117, 142, 152, 186, 336, 376, 391]
[16, 33, 42, 99, 123, 132, 255, 281, 289, 383]
[38, 139, 165, 167, 183, 222, 299, 308, 311, 334]
[68, 81, 157, 167, 178, 187, 201, 279, 335, 373]
[70, 84, 115, 119, 146, 172, 224, 295, 338, 364]
[37, 47, 59, 142, 166, 182, 280, 282, 343, 344]
[133, 179, 190, 228, 232, 237, 247, 299, 305, 318]
[42, 108, 150, 162, 172, 207, 219, 232, 275, 357]
[10, 23, 25, 26, 28, 201, 242, 275, 286, 352]
[57, 98, 136, 151, 191, 213, 242, 276, 301, 323]
[43, 55, 102, 107, 230, 240, 244, 270, 295, 330]
[1, 34, 71, 170, 176, 188, 244, 245, 313, 356]
[9, 17, 56, 120, 198, 211, 216, 254, 332, 345]
[5, 15, 20, 21, 148, 157, 248, 320, 353, 355]
[92, 139, 162, 171, 202, 234, 286, 357, 395, 399]
[44, 62, 123, 131, 173, 261, 272, 305, 315, 389]
[31, 52, 117, 123, 167, 216, 249, 259, 277, 397]
[79, 103, 144, 167, 201, 269, 281, 282, 369, 397]
[17, 45, 132, 150, 168, 172, 192, 201, 320, 325]
[122, 148, 155, 169, 177, 205, 254, 332, 344, 348]
[86, 165, 184, 221, 225, 236, 253, 320, 328, 387]
[64, 79, 117, 120, 186, 194, 249, 320, 321, 344]
[90, 94, 193, 242, 244, 260, 322, 335, 379, 398]
[44, 64, 103, 125, 167, 168, 206, 302, 304, 310]
[13, 38, 41, 116, 148, 150, 176, 191, 276, 307]
[3, 4, 23, 75, 83, 96, 117, 137, 244, 274]
[18, 79, 85, 150, 193, 208, 233, 255, 264, 362]
[21, 93, 209, 254, 256, 269, 276, 290, 331, 358]
[14, 15, 17, 62, 116, 133, 183, 247, 286, 288]
[61, 62, 106, 121, 134, 249, 263, 264, 321, 361]
[89, 96, 127, 198, 211, 293, 294, 316, 335, 372]
[22, 33, 72, 216, 248, 274, 278, 327, 340, 374]
[28, 75, 80, 89, 104, 179, 188, 256, 363, 369]
[29, 71, 120, 128, 233, 259, 279, 350, 368, 385]
[10, 123, 134, 150, 157, 162, 210, 320, 348, 393]
[3, 65, 96, 101, 171, 235, 267, 316, 320, 349]
[49, 121, 157, 174, 179, 194, 205, 241, 261, 353]
[9, 15, 26, 133, 170, 256, 340, 346, 352, 395]
[79, 100, 247, 267, 276, 279, 297, 307, 374, 386]
[2, 16, 251, 266, 289, 328, 348, 353, 356, 377]
[5, 31, 59, 62, 202, 206, 275, 303, 342, 361]
[53, 117, 206, 246, 321, 326, 341, 355, 373, 392]
[1, 15, 40, 71, 72, 106, 181, 238, 326, 368]
[0, 69, 146, 217, 268, 313, 334, 370, 381, 400]
[16, 43, 77, 83, 100, 179, 182, 288, 319, 392]
[47, 77, 89, 100, 110, 228, 238, 239, 297, 375]
[3, 36, 169, 179, 183, 216, 218, 309, 357, 396]
[45, 136, 143, 153, 217, 241, 243, 319, 370, 393]
[0, 102, 163, 166, 201, 233, 287, 306, 329, 391]
[1, 24, 34, 116, 122, 219, 237, 247, 252, 328]
[27, 32, 41, 106, 128, 199, 235, 250, 302, 308]
[27, 89, 90, 104, 193, 223, 254, 266, 290, 332]
[5, 52, 62, 181, 208, 221, 224, 250, 266, 386]
[43, 57, 62, 117, 138, 152, 161, 212, 223, 246]
[29, 55, 76, 165, 193, 200, 229, 275, 322, 362]
[8, 36, 66, 70, 155, 170, 186, 303, 308, 327]
[75, 145, 209, 227, 244, 286, 303, 337, 339, 384]
[22, 47, 73, 113, 182, 228, 298, 309, 368, 369]
[9, 66, 119, 139, 151, 161, 162, 221, 272, 352]
[56, 117, 167, 205, 243, 267, 271, 301, 354, 374]
[2, 106, 108, 130, 214, 241, 282, 302, 312, 358]
[6, 146, 163, 171, 281, 348, 354, 355, 373, 395]
[15, 124, 234, 248, 291, 297, 330, 336, 368, 391]
[8, 59, 81, 172, 207, 218, 289, 295, 368, 382]
[37, 58, 63, 71, 90, 115, 207, 250, 269, 322]
[70, 105, 150, 174, 218, 225, 288, 319, 322, 389]
[16, 19, 77, 119, 124, 128, 167, 261, 305, 353]
[13, 89, 113, 190, 241, 246, 277, 337, 355, 357]
[49, 120, 138, 142, 176, 184, 244, 276, 307, 344]
[0, 56, 76, 89, 156, 164, 239, 344, 378, 393]
[4, 55, 107, 152, 206, 272, 337, 350, 357, 391]
[20, 41, 71, 166, 323, 326, 363, 370, 374, 383]
[4, 31, 40, 106, 116, 157, 172, 272, 342, 377]
[3, 12, 56, 93, 136, 192, 230, 238, 274, 358]
[102, 122, 128, 158, 167, 187, 201, 237, 373, 395]
[59, 62, 127, 129, 140, 206, 216, 240, 341, 400]
[7, 52, 65, 185, 223, 237, 258, 274, 316, 351]
[25, 119, 139, 146, 217, 229, 236, 359, 387, 395]
[30, 87, 111, 157, 159, 180, 187, 316, 326, 372]
[25, 75, 139, 149, 191, 280, 341, 353, 371, 382]
[41, 45, 71, 138, 157, 181, 206, 267, 282, 329]
[79, 116, 120, 147, 148, 201, 274, 275, 290, 315]
[71, 78, 89, 109, 285, 340, 346, 358, 379, 384]
[28, 63, 124, 142, 188, 242, 295, 303, 358, 400]
[70, 135, 144, 181, 198, 206, 249, 259, 293, 371]
[19, 91, 102, 107, 139, 181, 210, 237, 245, 335]
[30, 71, 121, 191, 195, 221, 281, 318, 329, 375]
[38, 93, 193, 196, 207, 218, 229, 356, 385, 392]
[0, 28, 43, 101, 108, 169, 173, 175, 332, 333]
[23, 45, 79, 121, 146, 197, 252, 289, 351, 375]
[58, 90, 127, 141, 156, 195, 227, 265, 345, 369]
[27, 31, 34, 58, 86, 146, 156, 218, 286, 356]
[7, 94, 183, 193, 210, 222, 278, 283, 332, 335]
[38, 150, 222, 263, 340, 345, 353, 369, 372, 376]
[39, 98, 105, 117, 119, 154, 281, 346, 387, 390]
[56, 138, 188, 209, 220, 234, 272, 323, 357, 398]
[101, 111, 112, 118, 129, 179, 204, 298, 307, 324]
[21, 57, 129, 154, 169, 212, 266, 332, 359, 360]
[61, 72, 89, 147, 189, 273, 276, 361, 367, 400]
[1, 48, 59, 75, 130, 154, 298, 317, 325, 359]
[20, 33, 129, 135, 138, 211, 250, 288, 374, 398]
[58, 88, 198, 225, 279, 285, 286, 332, 347, 351]
[8, 33, 122, 125, 207, 256, 313, 335, 368, 392]
[29, 31, 66, 69, 109, 242, 260, 287, 310, 316]
[3, 42, 91, 95, 130, 190, 272, 301, 338, 340]
[16, 64, 102, 154, 185, 186, 188, 221, 248, 333]
[47, 79, 96, 107, 181, 185, 291, 308, 321, 375]
[11, 51, 93, 119, 122, 170, 192, 255, 360, 373]
[19, 62, 65, 66, 131, 148, 185, 226, 258, 345]
[19, 158, 165, 190, 200, 246, 281, 306, 355, 366]
[18, 61, 111, 116, 118, 153, 204, 358, 364, 387]
[36, 66, 88, 110, 112, 135, 227, 235, 293, 367]
[2, 25, 37, 85, 113, 130, 202, 225, 366, 399]
[29, 146, 219, 268, 289, 294, 346, 349, 364, 392]
[135, 199, 235, 262, 270, 320, 332, 338, 376, 378]
[28, 31, 33, 55, 217, 236, 252, 260, 313, 396]
[54, 121, 137, 197, 236, 245, 336, 340, 366, 400]
[15, 73, 103, 108, 116, 154, 175, 202, 229, 312]
[55, 65, 101, 122, 189, 198, 253, 324, 368, 384]
[29, 129, 161, 169, 223, 249, 302, 306, 321, 334]
[41, 117, 169, 245, 280, 282, 292, 314, 339, 345]
[54, 74, 84, 196, 221, 274, 290, 294, 323, 368]
[13, 114, 116, 163, 177, 191, 220, 224, 263, 335]
[12, 44, 60, 101, 115, 186, 207, 217, 345, 395]
[46, 99, 105, 117, 140, 207, 224, 335, 336, 375]
[6, 20, 24, 75, 89, 118, 265, 296, 381, 399]
[24, 81, 108, 134, 138, 221, 256, 307, 308, 368]
[38, 107, 252, 287, 333, 337, 344, 374, 380, 389]
[32, 42, 124, 131, 139, 181, 184, 189, 237, 319]
[4, 32, 43, 53, 84, 218, 225, 235, 322, 341]
[25, 39, 45, 102, 107, 163, 191, 248, 292, 398]
[6, 36, 37, 49, 53, 75, 87, 158, 232, 233]
[10, 70, 77, 133, 170, 174, 179, 248, 276, 328]
[26, 59, 75, 145, 183, 209, 226, 244, 271, 336]
[92, 124, 141, 300, 306, 335, 355, 371, 374, 399]
[22, 24, 64, 184, 190, 210, 231, 296, 383, 390]
[15, 58, 125, 199, 252, 281, 289, 290, 394, 397]
[21, 29, 49, 171, 174, 256, 285, 311, 328, 385]
[51, 54, 86, 207, 231, 270, 341, 353, 370, 384]
[3, 17, 73, 80, 98, 239, 256, 266, 283, 389]
[8, 35, 69, 92, 105, 200, 224, 258, 276, 298]
[0, 1, 134, 153, 181, 189, 294, 335, 369, 396]
[16, 37, 77, 90, 121, 129, 141, 142, 234, 350]
[38, 195, 235, 237, 269, 273, 320, 334, 358, 375]
[36, 41, 103, 114, 127, 155, 183, 312, 344, 352]
[20, 28, 80, 118, 126, 128, 132, 262, 313, 363]
[38, 115, 121, 134, 153, 159, 208, 340, 342, 347]
[8, 51, 175, 187, 247, 253, 270, 329, 333, 391]
[33, 43, 102, 132, 208, 236, 302, 326, 331, 355]
[13, 44, 53, 89, 181, 206, 227, 265, 269, 354]
[3, 102, 107, 114, 167, 230, 240, 248, 257, 317]
[16, 47, 78, 110, 129, 159, 229, 281, 304, 313]
[24, 38, 56, 67, 73, 93, 184, 227, 305, 379]
[13, 15, 104, 159, 206, 218, 224, 259, 315, 379]
[78, 83, 85, 93, 117, 180, 212, 213, 229, 338]
[20, 85, 134, 248, 299, 312, 313, 339, 369, 388]
[86, 90, 104, 129, 170, 195, 214, 254, 272, 319]
[17, 58, 111, 217, 253, 307, 335, 354, 357, 368]
[43, 100, 142, 157, 175, 224, 230, 265, 282, 302]
[23, 28, 151, 168, 178, 205, 222, 246, 386, 387]
[0, 33, 37, 51, 52, 189, 233, 253, 275, 368]
[136, 145, 175, 199, 248, 277, 280, 345, 395, 397]
[73, 115, 150, 183, 192, 193, 200, 234, 341, 347]
[10, 84, 123, 134, 199, 218, 232, 255, 289, 296]
[9, 67, 89, 93, 128, 143, 183, 242, 312, 384]
[28, 56, 153, 169, 179, 188, 247, 265, 289, 310]
[35, 70, 81, 106, 141, 169, 216, 248, 307, 318]
[6, 49, 129, 141, 144, 149, 200, 206, 283, 297]
[72, 86, 93, 208, 223, 251, 299, 314, 361, 382]
[2, 53, 85, 126, 149, 176, 198, 217, 231, 388]
[76, 94, 109, 147, 168, 203, 204, 305, 320, 358]
[19, 55, 143, 190, 218, 240, 247, 288, 298, 375]
[42, 70, 212, 229, 246, 294, 326, 354, 380, 389]
[95, 134, 162, 171, 227, 237, 246, 316, 329, 359]
[32, 118, 160, 164, 190, 268, 269, 312, 322, 397]
[47, 83, 93, 129, 146, 157, 168, 308, 363, 387]
[51, 101, 162, 191, 223, 274, 306, 318, 386, 392]
[44, 76, 85, 155, 218, 241, 311, 355, 372, 395]
[174, 190, 201, 224, 239, 261, 270, 371, 388, 399]
[4, 16, 18, 194, 297, 298, 328, 332, 343, 354]
[37, 40, 103, 122, 140, 155, 174, 247, 268, 313]
[4, 56, 112, 227, 228, 262, 266, 286, 300, 399]
[3, 11, 58, 78, 90, 128, 210, 227, 254, 366]
[78, 94, 125, 149, 171, 199, 241, 264, 311, 363]
[6, 160, 161, 172, 246, 301, 349, 365, 370, 391]
[68, 74, 116, 150, 174, 232, 306, 322, 337, 378]
[106, 206, 248, 295, 298, 324, 325, 345, 370, 393]
[32, 160, 220, 278, 291, 303, 327, 329, 346, 367]
[2, 75, 81, 152, 161, 170, 250, 369, 382, 386]
[61, 148, 155, 202, 212, 213, 267, 270, 295, 353]
[9, 53, 87, 104, 141, 156, 275, 308, 318, 390]
[41, 56, 77, 87, 109, 134, 165, 173, 206, 232]
[11, 24, 25, 36, 48, 91, 104, 195, 261, 274]
[7, 67, 77, 97, 168, 198, 204, 212, 270, 271]
[15, 43, 55, 135, 155, 161, 205, 250, 327, 351]
