[24, 25, 26, 27, 28, 29, 30, 100]
[49, 50, 51, 52, 53, 54, 55, 56, 57, 58, 100]
[49, 50, 51, 52, 53, 54, 55, 56, 100]
[68, 69, 70, 71, 72, 73, 74, 75, 76, 100]
[39, 40, 41, 42, 43, 44, 45, 100]
[66, 67, 68, 69, 70, 71, 72, 73, 74, 75, 76, 100]
[51, 52, 53, 54, 55, 56, 57, 100]
[59, 60, 61, 62, 63, 64, 65, 66, 67, 68, 69, 100]
[26, 27, 28, 29, 30, 31, 32, 33, 34, 100]
[79, 80, 81, 82, 83, 84, 85, 86, 87, 88, 100]
[30, 31, 32, 33, 34, 35, 36, 37, 38, 39, 100]
[53, 54, 55, 56, 57, 58, 100]
[83, 84, 85, 86, 87, 88, 89, 100]
[25, 26, 27, 28, 29, 30, 100]
[11, 12, 13, 14, 15, 16, 17, 18, 19, 20, 100]
[60, 61, 62, 63, 64, 65, 100]
[69, 70, 71, 72, 73, 74, 75, 76, 77, 78, 100]
[1, 2, 3, 4, 5, 6, 100]
[17, 18, 19, 20, 21, 22, 23, 24, 25, 26, 27, 100]
[2, 3, 4, 5, 6, 7, 100]
[19, 20, 21, 22, 23, 24, 25, 26, 100]
[40, 41, 42, 43, 44, 45, 46, 47, 48, 49, 100]
[66, 67, 68, 69, 70, 71, 72, 73, 74, 75, 76, 100]
[60, 61, 62, 63, 64, 65, 66, 67, 68, 69, 100]
[45, 46, 47, 48, 49, 50, 100]
[73, 74, 75, 76, 77, 78, 79, 80, 81, 82, 100]
[66, 67, 68, 69, 70, 71, 72, 73, 74, 75, 100]
[27, 28, 29, 30, 31, 32, 33, 34, 35, 36, 100]
[58, 59, 60, 61, 62, 63, 64, 65, 66, 100]
[48, 49, 50, 51, 52, 53, 54, 100]
[33, 34, 35, 36, 37, 38, 39, 100]
[55, 56, 57, 58, 59, 60, 61, 62, 63, 64, 100]
[29, 30, 31, 32, 33, 34, 35, 36, 100]
[37, 38, 39, 40, 41, 42, 43, 44, 45, 100]
[25, 26, 27, 28, 29, 30, 100]
[77, 78, 79, 80, 81, 82, 83, 84, 85, 86, 100]
[21, 22, 23, 24, 25, 26, 100]
[77, 78, 79, 80, 81, 82, 83, 84, 85, 86, 100]
[83, 84, 85, 86, 87, 88, 89, 90, 91, 100]
[33, 34, 35, 36, 37, 38, 39, 40, 41, 100]
[6, 7, 8, 9, 10, 11, 12, 13, 14, 15, 100]
[59, 60, 61, 62, 63, 64, 65, 100]
[64, 65, 66, 67, 68, 69, 70, 71, 100]
[36, 37, 38, 39, 40, 41, 42, 43, 44, 45, 100]
[8, 9, 10, 11, 12, 13, 100]
[44, 45, 46, 47, 48, 49, 50, 51, 52, 100]
[69, 70, 71, 72, 73, 74, 75, 76, 77, 78, 100]
[34, 35, 36, 37, 38, 39, 40, 41, 42, 43, 100]
[22, 23, 24, 25, 26, 27, 28, 29, 30, 31, 32, 100]
[21, 22, 23, 24, 25, 26, 27, 28, 29, 100]
[32, 33, 34, 35, 36, 37, 38, 39, 40, 100]
[35, 36, 37, 38, 39, 40, 41, 100]
[59, 60, 61, 62, 63, 64, 100]
[66, 67, 68, 69, 70, 71, 72, 73, 74, 100]
[88, 89, 90, 91, 92, 93, 94, 95, 96, 97, 100]
[15, 16, 17, 18, 19, 20, 21, 22, 100]
[33, 34, 35, 36, 37, 38, 39, 40, 41, 100]
[55, 56, 57, 58, 59, 60, 61, 62, 100]
[66, 67, 68, 69, 70, 71, 100]
[13, 14, 15, 16, 17, 18, 19, 20, 21, 22, 100]
[46, 47, 48, 49, 50, 51, 52, 53, 54, 55, 56, 100]
[13, 14, 15, 16, 17, 18, 19, 20, 21, 22, 23, 100]
[77, 78, 79, 80, 81, 82, 100]
[90, 91, 92, 93, 94, 95, 96, 97, 98, 99, 100]
[53, 54, 55, 56, 57, 58, 100]
[37, 38, 39, 40, 41, 42, 100]
[5, 6, 7, 8, 9, 10, 11, 12, 13, 14, 15, 100]
[89, 90, 91, 92, 93, 94, 95, 96, 97, 100]
[17, 18, 19, 20, 21, 22, 23, 24, 25, 26, 100]
[3, 4, 5, 6, 7, 8, 9, 100]
[61, 62, 63, 64, 65, 66, 67, 68, 69, 70, 71, 100]
[42, 43, 44, 45, 46, 47, 48, 49, 50, 51, 52, 100]
[4, 5, 6, 7, 8, 9, 10, 100]
[77, 78, 79, 80, 81, 82, 83, 84, 85, 100]
[77, 78, 79, 80, 81, 82, 83, 100]
[84, 85, 86, 87, 88, 89, 90, 100]
[24, 25, 26, 27, 28, 29, 30, 100]
[47, 48, 49, 50, 51, 52, 53, 100]
[80, 81, 82, 83, 84, 85, 86, 87, 88, 89, 90, 100]
[51, 52, 53, 54, 55, 56, 57, 58, 59, 60, 100]
[2, 3, 4, 5, 6, 7, 8, 9, 10, 11, 12, 100]
[61, 62, 63, 64, 65, 66, 67, 68, 69, 70, 71, 100]
[18, 19, 20, 21, 22, 23, 24, 100]
[51, 52, 53, 54, 55, 56, 57, 58, 59, 60, 100]
[20, 21, 22, 23, 24, 25, 26, 27, 28, 29, 30, 100]
[63, 64, 65, 66, 67, 68, 69, 70, 100]
[60, 61, 62, 63, 64, 65, 100]
[24, 25, 26, 27, 28, 29, 30, 31, 32, 33, 34, 100]
[83, 84, 85, 86, 87, 88, 89, 90, 91, 92, 100]
[7, 8, 9, 10, 11, 12, 13, 14, 15, 16, 100]
[75, 76, 77, 78, 79, 80, 100]
[44, 45, 46, 47, 48, 49, 50, 51, 52, 53, 100]
[39, 40, 41, 42, 43, 44, 45, 46, 47, 48, 100]
[18, 19, 20, 21, 22, 23, 24, 100]
[57, 58, 59, 60, 61, 62, 63, 64, 65, 100]
[17, 18, 19, 20, 21, 22, 23, 100]
[20, 21, 22, 23, 24, 25, 26, 100]
[37, 38, 39, 40, 41, 42, 43, 100]
[52, 53, 54, 55, 56, 57, 58, 100]
[36, 37, 38, 39, 40, 41, 42, 43, 100]
[49, 50, 51, 52, 53, 54, 55, 56, 57, 100]
[34, 35, 36, 37, 38, 39, 40, 41, 42, 43, 44, 100]
[74, 75, 76, 77, 78, 79, 80, 81, 82, 83, 100]
[52, 53, 54, 55, 56, 57, 58, 59, 100]
[81, 82, 83, 84, 85, 86, 87, 100]
[44, 45, 46, 47, 48, 49, 50, 51, 52, 100]
[11, 12, 13, 14, 15, 16, 17, 18, 19, 20, 100]
[13, 14, 15, 16, 17, 18, 100]
[58, 59, 60, 61, 62, 63, 100]
[29, 30, 31, 32, 33, 34, 35, 36, 37, 100]
[61, 62, 63, 64, 65, 66, 67, 100]
[35, 36, 37, 38, 39, 40, 41, 42, 43, 44, 100]
[75, 76, 77, 78, 79, 80, 81, 82, 100]
[64, 65, 66, 67, 68, 69, 70, 100]
[15, 16, 17, 18, 19, 20, 21, 22, 23, 24, 25, 100]
[90, 91, 92, 93, 94, 95, 96, 97, 100]
[8, 9, 10, 11, 12, 13, 14, 15, 16, 17, 18, 100]
[56, 57, 58, 59, 60, 61, 100]
[70, 71, 72, 73, 74, 75, 100]
[24, 25, 26, 27, 28, 29, 30, 100]
[40, 41, 42, 43, 44, 45, 46, 47, 48, 49, 50, 100]
[53, 54, 55, 56, 57, 58, 59, 60, 61, 100]
[79, 80, 81, 82, 83, 84, 100]
[87, 88, 89, 90, 91, 92, 93, 94, 95, 96, 100]
[57, 58, 59, 60, 61, 62, 63, 64, 65, 66, 67, 100]
[55, 56, 57, 58, 59, 60, 100]
[25, 26, 27, 28, 29, 30, 31, 32, 33, 34, 35, 100]
[50, 51, 52, 53, 54, 55, 56, 57, 58, 59, 60, 100]
[37, 38, 39, 40, 41, 42, 43, 44, 100]
[33, 34, 35, 36, 37, 38, 39, 40, 41, 100]
[68, 69, 70, 71, 72, 73, 74, 75, 76, 77, 100]
[57, 58, 59, 60, 61, 62, 63, 64, 100]
[90, 91, 92, 93, 94, 95, 96, 97, 98, 100]
[55, 56, 57, 58, 59, 60, 61, 62, 63, 64, 100]
[70, 71, 72, 73, 74, 75, 76, 77, 78, 100]
[84, 85, 86, 87, 88, 89, 90, 91, 92, 93, 94, 100]
[30, 31, 32, 33, 34, 35, 36, 100]
[25, 26, 27, 28, 29, 30, 100]
[56, 57, 58, 59, 60, 61, 62, 63, 64, 65, 66, 100]
[82, 83, 84, 85, 86, 87, 88, 89, 90, 91, 92, 100]
[56, 57, 58, 59, 60, 61, 62, 63, 64, 65, 66, 100]
[91, 92, 93, 94, 95, 96, 97, 100]
[5, 6, 7, 8, 9, 10, 11, 12, 100]
[36, 37, 38, 39, 40, 41, 42, 43, 44, 45, 100]
[80, 81, 82, 83, 84, 85, 86, 87, 100]
[68, 69, 70, 71, 72, 73, 100]
[7, 8, 9, 10, 11, 12, 13, 14, 15, 16, 17, 100]
[36, 37, 38, 39, 40, 41, 42, 43, 100]
[71, 72, 73, 74, 75, 76, 77, 78, 100]
[32, 33, 34, 35, 36, 37, 38, 39, 40, 41, 100]
[77, 78, 79, 80, 81, 82, 83, 84, 100]
[83, 84, 85, 86, 87, 88, 89, 90, 91, 92, 93, 100]
[72, 73, 74, 75, 76, 77, 78, 79, 80, 100]
[86, 87, 88, 89, 90, 91, 92, 93, 94, 95, 100]
[76, 77, 78, 79, 80, 81, 82, 83, 84, 85, 100]
[60, 61, 62, 63, 64, 65, 66, 100]
[3, 4, 5, 6, 7, 8, 9, 10, 11, 12, 13, 100]
[33, 34, 35, 36, 37, 38, 100]
[52, 53, 54, 55, 56, 57, 58, 59, 100]
[16, 17, 18, 19, 20, 21, 22, 23, 24, 25, 100]
[67, 68, 69, 70, 71, 72, 100]
[92, 93, 94, 95, 96, 97, 98, 100]
[92, 93, 94, 95, 96, 97, 100]
[86, 87, 88, 89, 90, 91, 92, 93, 94, 95, 100]
[59, 60, 61, 62, 63, 64, 65, 66, 67, 68, 69, 100]
[65, 66, 67, 68, 69, 70, 71, 72, 73, 74, 75, 100]
[7, 8, 9, 10, 11, 12, 13, 14, 15, 16, 100]
[22, 23, 24, 25, 26, 27, 28, 29, 30, 31, 32, 100]
[15, 16, 17, 18, 19, 20, 21, 22, 100]
[65, 66, 67, 68, 69, 70, 71, 72, 73, 74, 100]
[86, 87, 88, 89, 90, 91, 92, 93, 94, 95, 100]
[93, 94, 95, 96, 97, 98, 99, 100]
[16, 17, 18, 19, 20, 21, 22, 23, 24, 25, 100]
[87, 88, 89, 90, 91, 92, 100]
[93, 94, 95, 96, 97, 98, 100]
[36, 37, 38, 39, 40, 41, 100]
[31, 32, 33, 34, 35, 36, 100]
[64, 65, 66, 67, 68, 69, 100]
[71, 72, 73, 74, 75, 76, 77, 78, 79, 80, 100]
[43, 44, 45, 46, 47, 48, 100]
[51, 52, 53, 54, 55, 56, 57, 100]
[31, 32, 33, 34, 35, 36, 37, 38, 100]
[71, 72, 73, 74, 75, 76, 100]
[45, 46, 47, 48, 49, 50, 51, 52, 53, 54, 100]
[39, 40, 41, 42, 43, 44, 45, 46, 100]
[13, 14, 15, 16, 17, 18, 19, 20, 21, 22, 100]
[21, 22, 23, 24, 25, 26, 27, 28, 29, 30, 100]
[9, 10, 11, 12, 13, 14, 100]
[81, 82, 83, 84, 85, 86, 87, 88, 89, 100]
[11, 12, 13, 14, 15, 16, 17, 18, 19, 20, 21, 100]
[53, 54, 55, 56, 57, 58, 59, 60, 61, 62, 63, 100]
[18, 19, 20, 21, 22, 23, 100]
[33, 34, 35, 36, 37, 38, 39, 40, 41, 42, 100]
[72, 73, 74, 75, 76, 77, 100]
[87, 88, 89, 90, 91, 92, 93, 100]
[46, 47, 48, 49, 50, 51, 100]
[86, 87, 88, 89, 90, 91, 92, 93, 94, 95, 100]
[51, 52, 53, 54, 55, 56, 100]
[91, 92, 93, 94, 95, 96, 97, 98, 99, 100]
[52, 53, 54, 55, 56, 57, 58, 59, 60, 100]
[32, 33, 34, 35, 36, 37, 38, 39, 40, 41, 42, 100]
[33, 34, 35, 36, 37, 38, 39, 100]
[73, 74, 75, 76, 77, 78, 100]
[3, 4, 5, 6, 7, 8, 9, 10, 11, 100]
[74, 75, 76, 77, 78, 79, 80, 81, 82, 83, 84, 100]
[57, 58, 59, 60, 61, 62, 100]
[81, 82, 83, 84, 85, 86, 87, 88, 89, 90, 100]
[15, 16, 17, 18, 19, 20, 21, 22, 23, 24, 25, 100]
[48, 49, 50, 51, 52, 53, 54, 55, 56, 100]
[60, 61, 62, 63, 64, 65, 66, 67, 68, 100]
[65, 66, 67, 68, 69, 70, 71, 72, 73, 100]
[86, 87, 88, 89, 90, 91, 92, 93, 100]
[49, 50, 51, 52, 53, 54, 100]
[7, 8, 9, 10, 11, 12, 13, 14, 15, 16, 100]
[68, 69, 70, 71, 72, 73, 74, 75, 100]
[57, 58, 59, 60, 61, 62, 63, 100]
[26, 27, 28, 29, 30, 31, 100]
[26, 27, 28, 29, 30, 31, 32, 100]
[78, 79, 80, 81, 82, 83, 84, 85, 100]
[73, 74, 75, 76, 77, 78, 79, 80, 81, 100]
[42, 43, 44, 45, 46, 47, 100]
[77, 78, 79, 80, 81, 82, 83, 84, 85, 100]
[46, 47, 48, 49, 50, 51, 52, 53, 54, 55, 100]
[5, 6, 7, 8, 9, 10, 11, 12, 13, 14, 100]
[15, 16, 17, 18, 19, 20, 21, 100]
[28, 29, 30, 31, 32, 33, 34, 35, 36, 37, 100]
[27, 28, 29, 30, 31, 32, 33, 34, 35, 36, 100]
[65, 66, 67, 68, 69, 70, 71, 72, 100]
[75, 76, 77, 78, 79, 80, 81, 82, 83, 100]
[71, 72, 73, 74, 75, 76, 100]
[1, 2, 3, 4, 5, 6, 7, 8, 9, 10, 100]
[15, 16, 17, 18, 19, 20, 21, 22, 100]
[64, 65, 66, 67, 68, 69, 70, 71, 72, 73, 74, 100]
[0, 1, 2, 3, 4, 5, 6, 7, 8, 9, 10, 100]
[66, 67, 68, 69, 70, 71, 72, 73, 100]
[0, 1, 2, 3, 4, 5, 6, 100]
[47, 48, 49, 50, 51, 52, 53, 54, 55, 56, 57, 100]
[48, 49, 50, 51, 52, 53, 54, 55, 100]
[57, 58, 59, 60, 61, 62, 63, 64, 65, 100]
[3, 4, 5, 6, 7, 8, 9, 10, 11, 12, 13, 100]
[64, 65, 66, 67, 68, 69, 70, 71, 72, 73, 100]
[7, 8, 9, 10, 11, 12, 13, 14, 15, 100]
[43, 44, 45, 46, 47, 48, 49, 100]
[6, 7, 8, 9, 10, 11, 12, 13, 100]
[0, 1, 2, 3, 4, 5, 6, 100]
[12, 13, 14, 15, 16, 17, 18, 19, 100]
[21, 22, 23, 24, 25, 26, 27, 28, 29, 100]
[80, 81, 82, 83, 84, 85, 86, 87, 100]
[21, 22, 23, 24, 25, 26, 27, 28, 29, 30, 31, 100]
[27, 28, 29, 30, 31, 32, 33, 34, 35, 100]
