[13, 39, 43, 65, 100]
[17, 57, 91, 92, 100]
[14, 18, 49, 90, 100]
[16, 27, 37, 61, 100]
[42, 61, 89, 98, 100]
[17, 20, 46, 50, 100]
[5, 31, 34, 47, 100]
[1, 39, 45, 75, 100]
[14, 23, 27, 62, 100]
[4, 36, 44, 65, 100]
[35, 44, 48, 83, 100]
[35, 45, 52, 78, 100]
[2, 8, 50, 56, 100]
[28, 37, 42, 55, 100]
[35, 50, 51, 71, 100]
[29, 36, 77, 94, 100]
[3, 29, 30, 39, 100]
[20, 70, 80, 95, 100]
[28, 38, 42, 88, 100]
[17, 59, 80, 82, 100]
[2, 46, 51, 82, 100]
[32, 50, 51, 81, 100]
[16, 42, 92, 96, 100]
[17, 85, 87, 88, 100]
[0, 20, 48, 58, 100]
[0, 6, 88, 90, 100]
[17, 29, 47, 62, 100]
[10, 40, 48, 66, 100]
[11, 74, 75, 88, 100]
[37, 42, 82, 86, 100]
[26, 29, 45, 56, 100]
[42, 55, 69, 85, 100]
[0, 21, 40, 87, 100]
[20, 80, 85, 98, 100]
[47, 75, 86, 90, 100]
[5, 47, 49, 55, 100]
[28, 30, 37, 41, 100]
[19, 32, 62, 94, 100]
[36, 63, 69, 97, 100]
[2, 44, 77, 79, 100]
[31, 50, 65, 93, 100]
[6, 9, 78, 88, 100]
[13, 14, 37, 40, 100]
[10, 54, 58, 70, 100]
[13, 15, 17, 28, 100]
[16, 33, 52, 64, 100]
[4, 38, 44, 86, 100]
[24, 51, 55, 70, 100]
[13, 27, 43, 53, 100]
[13, 46, 50, 56, 100]
[17, 52, 60, 74, 100]
[8, 34, 66, 87, 100]
[7, 78, 80, 99, 100]
[23, 56, 65, 95, 100]
[25, 39, 54, 95, 100]
[41, 50, 63, 66, 100]
[1, 6, 7, 95, 100]
[1, 21, 33, 99, 100]
[4, 15, 64, 97, 100]
[41, 61, 91, 94, 100]
[30, 36, 39, 50, 100]
[31, 51, 58, 84, 100]
[54, 60, 72, 90, 100]
[27, 53, 69, 83, 100]
[0, 19, 43, 75, 100]
[15, 32, 52, 58, 100]
[9, 27, 28, 58, 100]
[37, 61, 95, 98, 100]
[32, 60, 85, 92, 100]
[2, 28, 45, 92, 100]
[69, 78, 84, 99, 100]
[16, 67, 73, 80, 100]
[40, 77, 78, 89, 100]
[18, 29, 78, 85, 100]
[0, 62, 72, 97, 100]
[14, 19, 48, 83, 100]
[32, 53, 63, 88, 100]
[50, 57, 75, 90, 100]
[0, 16, 61, 71, 100]
[0, 7, 28, 60, 100]
[29, 73, 90, 97, 100]
[10, 23, 27, 98, 100]
[1, 26, 41, 89, 100]
[55, 63, 72, 96, 100]
[38, 40, 58, 72, 100]
[38, 55, 56, 71, 100]
[9, 42, 58, 91, 100]
[48, 72, 83, 87, 100]
[3, 30, 66, 82, 100]
[12, 25, 39, 74, 100]
[17, 20, 23, 66, 100]
[35, 71, 72, 77, 100]
[0, 11, 14, 72, 100]
[37, 38, 76, 80, 100]
[3, 27, 34, 84, 100]
[20, 49, 82, 99, 100]
[20, 44, 79, 83, 100]
[26, 45, 66, 84, 100]
[38, 40, 48, 65, 100]
[46, 47, 56, 60, 100]
[4, 29, 60, 95, 100]
[12, 63, 73, 80, 100]
[2, 10, 31, 77, 100]
[16, 45, 51, 85, 100]
[8, 14, 51, 62, 100]
[39, 51, 55, 90, 100]
[2, 7, 17, 66, 100]
[22, 53, 57, 86, 100]
[49, 51, 61, 89, 100]
[5, 8, 17, 22, 100]
[15, 54, 98, 99, 100]
[11, 39, 64, 72, 100]
[6, 9, 79, 86, 100]
[24, 29, 45, 98, 100]
[46, 52, 84, 91, 100]
[0, 17, 78, 89, 100]
[34, 35, 87, 89, 100]
[15, 26, 49, 87, 100]
[4, 7, 32, 45, 100]
[18, 32, 79, 85, 100]
[17, 57, 62, 89, 100]
[43, 47, 61, 84, 100]
[31, 47, 79, 93, 100]
[17, 41, 42, 97, 100]
[6, 46, 68, 70, 100]
[7, 70, 71, 94, 100]
[9, 50, 55, 85, 100]
[28, 32, 35, 74, 100]
[5, 61, 95, 98, 100]
[25, 33, 44, 51, 100]
[7, 76, 77, 83, 100]
[38, 57, 59, 92, 100]
[12, 35, 55, 89, 100]
[26, 56, 65, 79, 100]
[15, 53, 69, 90, 100]
[9, 15, 67, 95, 100]
[7, 62, 69, 87, 100]
[2, 7, 45, 86, 100]
[1, 36, 66, 95, 100]
[41, 43, 44, 50, 100]
[0, 5, 7, 58, 100]
[8, 77, 90, 93, 100]
[2, 33, 50, 88, 100]
[22, 37, 75, 92, 100]
[21, 32, 79, 88, 100]
[15, 17, 24, 99, 100]
[36, 61, 70, 75, 100]
[9, 16, 54, 70, 100]
[6, 37, 43, 78, 100]
[24, 28, 68, 76, 100]
[1, 44, 76, 87, 100]
[4, 24, 75, 96, 100]
[5, 73, 75, 93, 100]
[10, 25, 93, 94, 100]
[25, 61, 66, 76, 100]
[10, 19, 64, 81, 100]
[23, 42, 51, 97, 100]
[38, 50, 82, 86, 100]
[49, 75, 98, 99, 100]
[30, 39, 46, 59, 100]
[19, 35, 36, 94, 100]
[20, 23, 42, 92, 100]
[27, 66, 78, 86, 100]
[16, 37, 38, 61, 100]
[3, 5, 64, 99, 100]
[1, 34, 80, 93, 100]
[13, 34, 35, 85, 100]
[6, 31, 39, 60, 100]
[5, 35, 47, 74, 100]
[11, 21, 31, 93, 100]
[9, 43, 45, 57, 100]
[11, 18, 31, 79, 100]
[2, 6, 59, 96, 100]
[45, 57, 59, 71, 100]
[50, 55, 59, 93, 100]
[0, 20, 60, 96, 100]
[12, 15, 57, 66, 100]
[35, 48, 63, 91, 100]
[29, 54, 57, 83, 100]
[41, 46, 71, 72, 100]
[15, 35, 70, 89, 100]
[5, 59, 70, 72, 100]
[18, 47, 60, 84, 100]
[0, 7, 58, 88, 100]
[1, 44, 48, 79, 100]
[4, 9, 20, 37, 100]
[12, 25, 41, 68, 100]
[18, 45, 57, 84, 100]
[39, 43, 86, 87, 100]
[31, 36, 47, 66, 100]
[15, 44, 66, 96, 100]
[3, 21, 43, 82, 100]
[17, 35, 62, 86, 100]
[10, 59, 82, 97, 100]
[3, 19, 47, 68, 100]
[38, 78, 87, 90, 100]
[3, 20, 76, 97, 100]
[27, 35, 37, 43, 100]
[9, 32, 70, 86, 100]
[2, 43, 62, 63, 100]
[10, 13, 61, 96, 100]
[8, 29, 51, 65, 100]
[15, 26, 34, 87, 100]
[0, 10, 20, 85, 100]
[75, 78, 91, 97, 100]
[42, 68, 75, 83, 100]
[44, 46, 67, 69, 100]
[4, 36, 37, 45, 100]
[8, 59, 84, 87, 100]
[29, 36, 41, 63, 100]
[36, 42, 95, 97, 100]
[23, 55, 79, 98, 100]
[14, 46, 96, 99, 100]
[11, 18, 20, 64, 100]
[48, 71, 78, 87, 100]
[27, 70, 94, 95, 100]
[16, 45, 63, 99, 100]
[62, 71, 77, 87, 100]
[19, 28, 51, 63, 100]
[51, 78, 80, 99, 100]
[24, 68, 73, 78, 100]
[24, 39, 40, 68, 100]
[30, 63, 74, 81, 100]
[6, 56, 61, 95, 100]
[31, 52, 55, 59, 100]
[41, 43, 57, 89, 100]
[30, 35, 45, 48, 100]
[9, 21, 49, 67, 100]
[1, 29, 63, 76, 100]
[14, 15, 39, 87, 100]
[13, 37, 53, 60, 100]
[0, 61, 63, 88, 100]
[20, 26, 43, 81, 100]
[32, 39, 89, 92, 100]
[0, 45, 85, 86, 100]
[30, 66, 83, 89, 100]
[10, 12, 19, 43, 100]
[28, 32, 36, 61, 100]
[3, 19, 51, 91, 100]
[19, 28, 61, 76, 100]
[15, 37, 40, 62, 100]
[46, 53, 71, 72, 100]
[3, 47, 49, 73, 100]
[35, 60, 68, 78, 100]
[0, 5, 11, 76, 100]
[5, 27, 44, 97, 100]
[28, 31, 64, 96, 100]
[11, 15, 22, 83, 100]
[2, 12, 35, 50, 100]
[6, 24, 62, 90, 100]
