[93, 94, 95, 96, 97, 98, 99, 100, 101, 102, 103, 104, 105, 150]
[26, 27, 28, 29, 30, 31, 32, 33, 34, 35, 36, 37, 38, 39, 40, 41, 150]
[102, 103, 104, 105, 106, 107, 108, 109, 110, 111, 112, 113, 150]
[90, 91, 92, 93, 94, 95, 96, 97, 98, 99, 100, 101, 102, 103, 104, 105, 150]
[104, 105, 106, 107, 108, 109, 110, 111, 112, 113, 114, 150]
[48, 49, 50, 51, 52, 53, 54, 55, 56, 57, 58, 59, 150]
[44, 45, 46, 47, 48, 49, 50, 51, 52, 53, 54, 55, 56, 57, 58, 150]
[106, 107, 108, 109, 110, 111, 112, 113, 114, 115, 116, 150]
[90, 91, 92, 93, 94, 95, 96, 97, 98, 99, 100, 150]
[7, 8, 9, 10, 11, 12, 13, 14, 15, 16, 17, 150]
[81, 82, 83, 84, 85, 86, 87, 88, 89, 90, 91, 92, 93, 94, 150]
[96, 97, 98, 99, 100, 101, 102, 103, 104, 105, 106, 107, 108, 109, 110, 150]
[108, 109, 110, 111, 112, 113, 114, 115, 116, 117, 118, 119, 120, 150]
[115, 116, 117, 118, 119, 120, 121, 122, 123, 124, 125, 126, 150]
[41, 42, 43, 44, 45, 46, 47, 48, 49, 50, 51, 150]
[55, 56, 57, 58, 59, 60, 61, 62, 63, 64, 65, 66, 67, 150]
[88, 89, 90, 91, 92, 93, 94, 95, 96, 97, 98, 99, 100, 101, 102, 103, 150]
[103, 104, 105, 106, 107, 108, 109, 110, 111, 112, 113, 114, 115, 116, 150]
[36, 37, 38, 39, 40, 41, 42, 43, 44, 45, 46, 47, 48, 150]
[106, 107, 108, 109, 110, 111, 112, 113, 114, 115, 116, 117, 118, 119, 120, 150]
[79, 80, 81, 82, 83, 84, 85, 86, 87, 88, 89, 90, 91, 92, 150]
[110, 111, 112, 113, 114, 115, 116, 117, 118, 119, 120, 150]
[43, 44, 45, 46, 47, 48, 49, 50, 51, 52, 53, 150]
[105, 106, 107, 108, 109, 110, 111, 112, 113, 114, 115, 116, 150]
[18, 19, 20, 21, 22, 23, 24, 25, 26, 27, 28, 29, 30, 31, 32, 33, 150]
[59, 60, 61, 62, 63, 64, 65, 66, 67, 68, 69, 150]
[73, 74, 75, 76, 77, 78, 79, 80, 81, 82, 83, 84, 85, 86, 87, 150]
[69, 70, 71, 72, 73, 74, 75, 76, 77, 78, 79, 150]
[1, 2, 3, 4, 5, 6, 7, 8, 9, 10, 11, 12, 13, 14, 150]
[77, 78, 79, 80, 81, 82, 83, 84, 85, 86, 87, 88, 150]
[58, 59, 60, 61, 62, 63, 64, 65, 66, 67, 68, 69, 150]
[79, 80, 81, 82, 83, 84, 85, 86, 87, 88, 89, 90, 150]
[106, 107, 108, 109, 110, 111, 112, 113, 114, 115, 116, 117, 118, 150]
[103, 104, 105, 106, 107, 108, 109, 110, 111, 112, 113, 114, 115, 116, 117, 150]
[57, 58, 59, 60, 61, 62, 63, 64, 65, 66, 67, 68, 69, 150]
[73, 74, 75, 76, 77, 78, 79, 80, 81, 82, 83, 150]
[132, 133, 134, 135, 136, 137, 138, 139, 140, 141, 142, 150]
[127, 128, 129, 130, 131, 132, 133, 134, 135, 136, 137, 138, 139, 140, 150]
[0, 1, 2, 3, 4, 5, 6, 7, 8, 9, 10, 11, 12, 13, 150]
[37, 38, 39, 40, 41, 42, 43, 44, 45, 46, 47, 48, 49, 150]
[32, 33, 34, 35, 36, 37, 38, 39, 40, 41, 42, 43, 44, 45, 46, 150]
[117, 118, 119, 120, 121, 122, 123, 124, 125, 126, 127, 150]
[64, 65, 66, 67, 68, 69, 70, 71, 72, 73, 74, 150]
[113, 114, 115, 116, 117, 118, 119, 120, 121, 122, 123, 124, 125, 150]
[102, 103, 104, 105, 106, 107, 108, 109, 110, 111, 112, 113, 114, 115, 116, 150]
[103, 104, 105, 106, 107, 108, 109, 110, 111, 112, 113, 114, 115, 116, 117, 150]
[135, 136, 137, 138, 139, 140, 141, 142, 143, 144, 145, 146, 147, 148, 150]
[57, 58, 59, 60, 61, 62, 63, 64, 65, 66, 67, 68, 69, 70, 71, 72, 150]
[14, 15, 16, 17, 18, 19, 20, 21, 22, 23, 24, 25, 26, 27, 28, 29, 150]
[77, 78, 79, 80, 81, 82, 83, 84, 85, 86, 87, 88, 89, 150]
[11, 12, 13, 14, 15, 16, 17, 18, 19, 20, 21, 22, 150]
[24, 25, 26, 27, 28, 29, 30, 31, 32, 33, 34, 35, 36, 37, 38, 150]
[72, 73, 74, 75, 76, 77, 78, 79, 80, 81, 82, 83, 150]
[79, 80, 81, 82, 83, 84, 85, 86, 87, 88, 89, 90, 150]
[1, 2, 3, 4, 5, 6, 7, 8, 9, 10, 11, 12, 150]
[58, 59, 60, 61, 62, 63, 64, 65, 66, 67, 68, 69, 70, 71, 72, 73, 150]
[65, 66, 67, 68, 69, 70, 71, 72, 73, 74, 75, 150]
[2, 3, 4, 5, 6, 7, 8, 9, 10, 11, 12, 13, 14, 150]
[38, 39, 40, 41, 42, 43, 44, 45, 46, 47, 48, 49, 50, 51, 150]
[62, 63, 64, 65, 66, 67, 68, 69, 70, 71, 72, 73, 74, 75, 150]
[128, 129, 130, 131, 132, 133, 134, 135, 136, 137, 138, 139, 140, 150]
[25, 26, 27, 28, 29, 30, 31, 32, 33, 34, 35, 36, 37, 38, 150]
[43, 44, 45, 46, 47, 48, 49, 50, 51, 52, 53, 54, 55, 56, 150]
[82, 83, 84, 85, 86, 87, 88, 89, 90, 91, 92, 93, 94, 150]
[35, 36, 37, 38, 39, 40, 41, 42, 43, 44, 45, 46, 47, 48, 49, 150]
[40, 41, 42, 43, 44, 45, 46, 47, 48, 49, 50, 51, 52, 53, 150]
[80, 81, 82, 83, 84, 85, 86, 87, 88, 89, 90, 91, 92, 93, 94, 150]
[41, 42, 43, 44, 45, 46, 47, 48, 49, 50, 51, 52, 53, 54, 55, 56, 150]
[113, 114, 115, 116, 117, 118, 119, 120, 121, 122, 123, 124, 125, 126, 150]
[123, 124, 125, 126, 127, 128, 129, 130, 131, 132, 133, 134, 135, 150]
[56, 57, 58, 59, 60, 61, 62, 63, 64, 65, 66, 150]
[55, 56, 57, 58, 59, 60, 61, 62, 63, 64, 65, 66, 150]
[106, 107, 108, 109, 110, 111, 112, 113, 114, 115, 116, 117, 118, 119, 120, 150]
[121, 122, 123, 124, 125, 126, 127, 128, 129, 130, 131, 132, 133, 134, 150]
[54, 55, 56, 57, 58, 59, 60, 61, 62, 63, 64, 65, 66, 150]
[35, 36, 37, 38, 39, 40, 41, 42, 43, 44, 45, 46, 47, 150]
[76, 77, 78, 79, 80, 81, 82, 83, 84, 85, 86, 87, 150]
[16, 17, 18, 19, 20, 21, 22, 23, 24, 25, 26, 27, 150]
[92, 93, 94, 95, 96, 97, 98, 99, 100, 101, 102, 150]
[106, 107, 108, 109, 110, 111, 112, 113, 114, 115, 116, 150]
[58, 59, 60, 61, 62, 63, 64, 65, 66, 67, 68, 69, 70, 150]
[116, 117, 118, 119, 120, 121, 122, 123, 124, 125, 126, 127, 128, 129, 130, 131, 150]
[4, 5, 6, 7, 8, 9, 10, 11, 12, 13, 14, 15, 16, 17, 150]
[121, 122, 123, 124, 125, 126, 127, 128, 129, 130, 131, 132, 150]
[56, 57, 58, 59, 60, 61, 62, 63, 64, 65, 66, 67, 68, 69, 150]
[72, 73, 74, 75, 76, 77, 78, 79, 80, 81, 82, 83, 84, 150]
[99, 100, 101, 102, 103, 104, 105, 106, 107, 108, 109, 150]
[74, 75, 76, 77, 78, 79, 80, 81, 82, 83, 84, 85, 86, 87, 88, 89, 150]
[41, 42, 43, 44, 45, 46, 47, 48, 49, 50, 51, 52, 53, 150]
[70, 71, 72, 73, 74, 75, 76, 77, 78, 79, 80, 81, 82, 83, 150]
[35, 36, 37, 38, 39, 40, 41, 42, 43, 44, 45, 46, 47, 150]
[18, 19, 20, 21, 22, 23, 24, 25, 26, 27, 28, 29, 30, 150]
[62, 63, 64, 65, 66, 67, 68, 69, 70, 71, 72, 73, 74, 150]
[35, 36, 37, 38, 39, 40, 41, 42, 43, 44, 45, 46, 47, 48, 150]
[97, 98, 99, 100, 101, 102, 103, 104, 105, 106, 107, 108, 109, 110, 111, 150]
[125, 126, 127, 128, 129, 130, 131, 132, 133, 134, 135, 136, 137, 150]
[94, 95, 96, 97, 98, 99, 100, 101, 102, 103, 104, 105, 106, 150]
[43, 44, 45, 46, 47, 48, 49, 50, 51, 52, 53, 54, 55, 56, 57, 58, 150]
[14, 15, 16, 17, 18, 19, 20, 21, 22, 23, 24, 150]
[53, 54, 55, 56, 57, 58, 59, 60, 61, 62, 63, 64, 150]
[24, 25, 26, 27, 28, 29, 30, 31, 32, 33, 34, 35, 36, 37, 38, 150]
[17, 18, 19, 20, 21, 22, 23, 24, 25, 26, 27, 28, 150]
[68, 69, 70, 71, 72, 73, 74, 75, 76, 77, 78, 150]
[133, 134, 135, 136, 137, 138, 139, 140, 141, 142, 143, 150]
[74, 75, 76, 77, 78, 79, 80, 81, 82, 83, 84, 150]
[100, 101, 102, 103, 104, 105, 106, 107, 108, 109, 110, 111, 112, 113, 114, 115, 150]
[96, 97, 98, 99, 100, 101, 102, 103, 104, 105, 106, 107, 108, 109, 150]
[51, 52, 53, 54, 55, 56, 57, 58, 59, 60, 61, 62, 63, 64, 65, 150]
[8, 9, 10, 11, 12, 13, 14, 15, 16, 17, 18, 19, 20, 150]
[84, 85, 86, 87, 88, 89, 90, 91, 92, 93, 94, 95, 150]
[72, 73, 74, 75, 76, 77, 78, 79, 80, 81, 82, 83, 84, 85, 86, 150]
[50, 51, 52, 53, 54, 55, 56, 57, 58, 59, 60, 61, 62, 63, 150]
[75, 76, 77, 78, 79, 80, 81, 82, 83, 84, 85, 86, 150]
[35, 36, 37, 38, 39, 40, 41, 42, 43, 44, 45, 46, 47, 48, 150]
[38, 39, 40, 41, 42, 43, 44, 45, 46, 47, 48, 150]
[46, 47, 48, 49, 50, 51, 52, 53, 54, 55, 56, 57, 58, 59, 60, 61, 150]
[109, 110, 111, 112, 113, 114, 115, 116, 117, 118, 119, 120, 150]
[79, 80, 81, 82, 83, 84, 85, 86, 87, 88, 89, 90, 91, 92, 93, 94, 150]
[103, 104, 105, 106, 107, 108, 109, 110, 111, 112, 113, 114, 150]
[35, 36, 37, 38, 39, 40, 41, 42, 43, 44, 45, 46, 47, 48, 49, 150]
[34, 35, 36, 37, 38, 39, 40, 41, 42, 43, 44, 45, 46, 150]
[125, 126, 127, 128, 129, 130, 131, 132, 133, 134, 135, 136, 137, 138, 150]
[61, 62, 63, 64, 65, 66, 67, 68, 69, 70, 71, 72, 150]
[29, 30, 31, 32, 33, 34, 35, 36, 37, 38, 39, 40, 150]
[131, 132, 133, 134, 135, 136, 137, 138, 139, 140, 141, 150]
[25, 26, 27, 28, 29, 30, 31, 32, 33, 34, 35, 36, 37, 38, 150]
[102, 103, 104, 105, 106, 107, 108, 109, 110, 111, 112, 113, 114, 115, 116, 117, 150]
[33, 34, 35, 36, 37, 38, 39, 40, 41, 42, 43, 44, 45, 46, 47, 48, 150]
[138, 139, 140, 141, 142, 143, 144, 145, 146, 147, 148, 149, 150]
[46, 47, 48, 49, 50, 51, 52, 53, 54, 55, 56, 150]
[105, 106, 107, 108, 109, 110, 111, 112, 113, 114, 115, 116, 117, 118, 150]
[53, 54, 55, 56, 57, 58, 59, 60, 61, 62, 63, 64, 65, 66, 150]
[79, 80, 81, 82, 83, 84, 85, 86, 87, 88, 89, 90, 91, 92, 93, 94, 150]
[128, 129, 130, 131, 132, 133, 134, 135, 136, 137, 138, 150]
[66, 67, 68, 69, 70, 71, 72, 73, 74, 75, 76, 150]
[103, 104, 105, 106, 107, 108, 109, 110, 111, 112, 113, 114, 115, 150]
[55, 56, 57, 58, 59, 60, 61, 62, 63, 64, 65, 66, 67, 150]
[44, 45, 46, 47, 48, 49, 50, 51, 52, 53, 54, 55, 56, 150]
[94, 95, 96, 97, 98, 99, 100, 101, 102, 103, 104, 105, 106, 107, 108, 150]
[122, 123, 124, 125, 126, 127, 128, 129, 130, 131, 132, 133, 134, 135, 150]
[22, 23, 24, 25, 26, 27, 28, 29, 30, 31, 32, 33, 150]
[138, 139, 140, 141, 142, 143, 144, 145, 146, 147, 148, 150]
[123, 124, 125, 126, 127, 128, 129, 130, 131, 132, 133, 150]
[39, 40, 41, 42, 43, 44, 45, 46, 47, 48, 49, 50, 51, 150]
[89, 90, 91, 92, 93, 94, 95, 96, 97, 98, 99, 100, 101, 102, 103, 104, 150]
[54, 55, 56, 57, 58, 59, 60, 61, 62, 63, 64, 65, 66, 67, 150]
[84, 85, 86, 87, 88, 89, 90, 91, 92, 93, 94, 95, 96, 97, 98, 150]
[25, 26, 27, 28, 29, 30, 31, 32, 33, 34, 35, 36, 37, 38, 39, 40, 150]
[20, 21, 22, 23, 24, 25, 26, 27, 28, 29, 30, 31, 32, 33, 34, 150]
[123, 124, 125, 126, 127, 128, 129, 130, 131, 132, 133, 134, 150]
[110, 111, 112, 113, 114, 115, 116, 117, 118, 119, 120, 121, 122, 123, 150]
[108, 109, 110, 111, 112, 113, 114, 115, 116, 117, 118, 119, 120, 121, 150]
[48, 49, 50, 51, 52, 53, 54, 55, 56, 57, 58, 59, 60, 61, 62, 63, 150]
[20, 21, 22, 23, 24, 25, 26, 27, 28, 29, 30, 150]
[127, 128, 129, 130, 131, 132, 133, 134, 135, 136, 137, 150]
[71, 72, 73, 74, 75, 76, 77, 78, 79, 80, 81, 150]
[109, 110, 111, 112, 113, 114, 115, 116, 117, 118, 119, 120, 121, 150]
[69, 70, 71, 72, 73, 74, 75, 76, 77, 78, 79, 80, 150]
[48, 49, 50, 51, 52, 53, 54, 55, 56, 57, 58, 59, 150]
[64, 65, 66, 67, 68, 69, 70, 71, 72, 73, 74, 75, 76, 77, 150]
[17, 18, 19, 20, 21, 22, 23, 24, 25, 26, 27, 28, 29, 30, 150]
[22, 23, 24, 25, 26, 27, 28, 29, 30, 31, 32, 33, 34, 35, 150]
[13, 14, 15, 16, 17, 18, 19, 20, 21, 22, 23, 24, 150]
[69, 70, 71, 72, 73, 74, 75, 76, 77, 78, 79, 80, 81, 150]
[36, 37, 38, 39, 40, 41, 42, 43, 44, 45, 46, 150]
[134, 135, 136, 137, 138, 139, 140, 141, 142, 143, 144, 145, 150]
[112, 113, 114, 115, 116, 117, 118, 119, 120, 121, 122, 123, 124, 125, 126, 150]
[9, 10, 11, 12, 13, 14, 15, 16, 17, 18, 19, 20, 21, 22, 23, 150]
[79, 80, 81, 82, 83, 84, 85, 86, 87, 88, 89, 90, 91, 92, 150]
[26, 27, 28, 29, 30, 31, 32, 33, 34, 35, 36, 37, 38, 39, 150]
[103, 104, 105, 106, 107, 108, 109, 110, 111, 112, 113, 114, 115, 116, 117, 150]
[134, 135, 136, 137, 138, 139, 140, 141, 142, 143, 144, 145, 146, 150]
[23, 24, 25, 26, 27, 28, 29, 30, 31, 32, 33, 34, 150]
[36, 37, 38, 39, 40, 41, 42, 43, 44, 45, 46, 47, 150]
[139, 140, 141, 142, 143, 144, 145, 146, 147, 148, 149, 150]
[117, 118, 119, 120, 121, 122, 123, 124, 125, 126, 127, 150]
[107, 108, 109, 110, 111, 112, 113, 114, 115, 116, 117, 118, 119, 120, 121, 150]
[68, 69, 70, 71, 72, 73, 74, 75, 76, 77, 78, 150]
[104, 105, 106, 107, 108, 109, 110, 111, 112, 113, 114, 150]
[90, 91, 92, 93, 94, 95, 96, 97, 98, 99, 100, 101, 102, 103, 104, 150]
[94, 95, 96, 97, 98, 99, 100, 101, 102, 103, 104, 105, 106, 107, 108, 150]
[51, 52, 53, 54, 55, 56, 57, 58, 59, 60, 61, 62, 63, 64, 65, 66, 150]
[130, 131, 132, 133, 134, 135, 136, 137, 138, 139, 140, 150]
[108, 109, 110, 111, 112, 113, 114, 115, 116, 117, 118, 119, 150]
[30, 31, 32, 33, 34, 35, 36, 37, 38, 39, 40, 41, 42, 43, 44, 150]
[43, 44, 45, 46, 47, 48, 49, 50, 51, 52, 53, 54, 55, 56, 150]
[20, 21, 22, 23, 24, 25, 26, 27, 28, 29, 30, 31, 32, 33, 150]
[7, 8, 9, 10, 11, 12, 13, 14, 15, 16, 17, 18, 19, 20, 21, 22, 150]
[72, 73, 74, 75, 76, 77, 78, 79, 80, 81, 82, 83, 84, 85, 86, 87, 150]
[132, 133, 134, 135, 136, 137, 138, 139, 140, 141, 142, 143, 144, 145, 146, 150]
[25, 26, 27, 28, 29, 30, 31, 32, 33, 34, 35, 36, 37, 38, 39, 150]
[110, 111, 112, 113, 114, 115, 116, 117, 118, 119, 120, 121, 122, 123, 150]
[68, 69, 70, 71, 72, 73, 74, 75, 76, 77, 78, 150]
[51, 52, 53, 54, 55, 56, 57, 58, 59, 60, 61, 62, 63, 150]
[67, 68, 69, 70, 71, 72, 73, 74, 75, 76, 77, 78, 79, 80, 150]
[21, 22, 23, 24, 25, 26, 27, 28, 29, 30, 31, 32, 33, 34, 35, 36, 150]
[5, 6, 7, 8, 9, 10, 11, 12, 13, 14, 15, 150]
[3, 4, 5, 6, 7, 8, 9, 10, 11, 12, 13, 14, 15, 16, 17, 18, 150]
[91, 92, 93, 94, 95, 96, 97, 98, 99, 100, 101, 102, 150]
[99, 100, 101, 102, 103, 104, 105, 106, 107, 108, 109, 110, 111, 150]
[30, 31, 32, 33, 34, 35, 36, 37, 38, 39, 40, 150]
[121, 122, 123, 124, 125, 126, 127, 128, 129, 130, 131, 132, 133, 134, 135, 136, 150]
[128, 129, 130, 131, 132, 133, 134, 135, 136, 137, 138, 139, 150]
[112, 113, 114, 115, 116, 117, 118, 119, 120, 121, 122, 123, 124, 125, 126, 150]
[0, 1, 2, 3, 4, 5, 6, 7, 8, 9, 10, 150]
[58, 59, 60, 61, 62, 63, 64, 65, 66, 67, 68, 69, 150]
[94, 95, 96, 97, 98, 99, 100, 101, 102, 103, 104, 105, 150]
[59, 60, 61, 62, 63, 64, 65, 66, 67, 68, 69, 70, 71, 72, 73, 74, 150]
[82, 83, 84, 85, 86, 87, 88, 89, 90, 91, 92, 93, 94, 95, 150]
[72, 73, 74, 75, 76, 77, 78, 79, 80, 81, 82, 83, 84, 85, 86, 150]
[35, 36, 37, 38, 39, 40, 41, 42, 43, 44, 45, 46, 150]
[59, 60, 61, 62, 63, 64, 65, 66, 67, 68, 69, 70, 71, 150]
[84, 85, 86, 87, 88, 89, 90, 91, 92, 93, 94, 95, 96, 97, 98, 150]
[17, 18, 19, 20, 21, 22, 23, 24, 25, 26, 27, 28, 29, 150]
[135, 136, 137, 138, 139, 140, 141, 142, 143, 144, 145, 146, 150]
[65, 66, 67, 68, 69, 70, 71, 72, 73, 74, 75, 76, 150]
[38, 39, 40, 41, 42, 43, 44, 45, 46, 47, 48, 49, 50, 51, 52, 150]
[89, 90, 91, 92, 93, 94, 95, 96, 97, 98, 99, 150]
[80, 81, 82, 83, 84, 85, 86, 87, 88, 89, 90, 91, 92, 93, 94, 95, 150]
[125, 126, 127, 128, 129, 130, 131, 132, 133, 134, 135, 136, 137, 138, 139, 140, 150]
[14, 15, 16, 17, 18, 19, 20, 21, 22, 23, 24, 25, 26, 27, 28, 150]
[88, 89, 90, 91, 92, 93, 94, 95, 96, 97, 98, 99, 150]
[107, 108, 109, 110, 111, 112, 113, 114, 115, 116, 117, 118, 150]
[30, 31, 32, 33, 34, 35, 36, 37, 38, 39, 40, 41, 42, 43, 44, 150]
[6, 7, 8, 9, 10, 11, 12, 13, 14, 15, 16, 17, 18, 19, 20, 150]
[27, 28, 29, 30, 31, 32, 33, 34, 35, 36, 37, 38, 39, 40, 150]
[8, 9, 10, 11, 12, 13, 14, 15, 16, 17, 18, 19, 20, 21, 150]
[34, 35, 36, 37, 38, 39, 40, 41, 42, 43, 44, 45, 46, 47, 150]
[136, 137, 138, 139, 140, 141, 142, 143, 144, 145, 146, 147, 148, 149, 150]
[26, 27, 28, 29, 30, 31, 32, 33, 34, 35, 36, 37, 38, 39, 40, 150]
[135, 136, 137, 138, 139, 140, 141, 142, 143, 144, 145, 146, 147, 148, 149, 150]
[53, 54, 55, 56, 57, 58, 59, 60, 61, 62, 63, 64, 65, 66, 150]
[26, 27, 28, 29, 30, 31, 32, 33, 34, 35, 36, 37, 38, 150]
[5, 6, 7, 8, 9, 10, 11, 12, 13, 14, 15, 16, 17, 18, 19, 20, 150]
[90, 91, 92, 93, 94, 95, 96, 97, 98, 99, 100, 101, 102, 103, 104, 105, 150]
[4, 5, 6, 7, 8, 9, 10, 11, 12, 13, 14, 150]
[138, 139, 140, 141, 142, 143, 144, 145, 146, 147, 148, 150]
[55, 56, 57, 58, 59, 60, 61, 62, 63, 64, 65, 66, 67, 68, 69, 150]
[47, 48, 49, 50, 51, 52, 53, 54, 55, 56, 57, 58, 59, 150]
[22, 23, 24, 25, 26, 27, 28, 29, 30, 31, 32, 33, 34, 35, 36, 37, 150]
[111, 112, 113, 114, 115, 116, 117, 118, 119, 120, 121, 150]
[53, 54, 55, 56, 57, 58, 59, 60, 61, 62, 63, 64, 65, 66, 67, 150]
[50, 51, 52, 53, 54, 55, 56, 57, 58, 59, 60, 61, 62, 63, 64, 65, 150]
[69, 70, 71, 72, 73, 74, 75, 76, 77, 78, 79, 80, 81, 82, 83, 150]
[20, 21, 22, 23, 24, 25, 26, 27, 28, 29, 30, 150]
[129, 130, 131, 132, 133, 134, 135, 136, 137, 138, 139, 140, 141, 142, 143, 150]
[28, 29, 30, 31, 32, 33, 34, 35, 36, 37, 38, 39, 40, 41, 150]
[70, 71, 72, 73, 74, 75, 76, 77, 78, 79, 80, 81, 82, 83, 84, 85, 150]
[105, 106, 107, 108, 109, 110, 111, 112, 113, 114, 115, 116, 117, 118, 119, 150]
[25, 26, 27, 28, 29, 30, 31, 32, 33, 34, 35, 36, 37, 38, 39, 40, 150]
