[4, 46, 64, 79, 89]
[35, 60, 65, 73, 74]
[4, 54, 55, 85, 93]
[10, 16, 59, 76, 77]
[14, 60, 64, 81, 82]
[40, 59, 66, 80, 94]
[18, 29, 35, 36, 99]
[7, 11, 26, 35, 58]
[6, 26, 57, 60, 87]
[38, 67, 76, 87, 89]
[36, 52, 54, 71, 95]
[27, 47, 58, 77, 92]
[4, 52, 83, 96, 99]
[36, 40, 55, 77, 93]
[31, 47, 77, 87, 89]
[6, 37, 41, 77, 99]
[12, 44, 55, 68, 94]
[9, 24, 29, 63, 86]
[8, 40, 56, 98, 99]
[28, 43, 68, 82, 100]
[65, 82, 84, 95, 98]
[3, 12, 31, 51, 68]
[2, 36, 73, 74, 89]
[36, 47, 51, 70, 72]
[8, 10, 15, 46, 91]
[1, 4, 18, 21, 86]
[12, 22, 38, 51, 55]
[25, 28, 31, 60, 77]
[9, 24, 31, 32, 95]
[10, 26, 41, 66, 67]
[8, 18, 20, 40, 55]
[28, 60, 67, 73, 80]
[1, 33, 69, 71, 84]
[19, 37, 57, 68, 96]
[36, 45, 72, 77, 92]
[20, 42, 43, 66, 80]
[34, 56, 69, 94, 99]
[8, 26, 41, 85, 93]
[8, 28, 54, 59, 82]
[11, 24, 34, 35, 45]
[24, 39, 52, 65, 75]
[22, 44, 45, 83, 86]
[1, 9, 52, 78, 88]
[67, 75, 79, 82, 89]
[21, 29, 59, 63, 99]
[7, 19, 21, 80, 94]
[1, 13, 21, 24, 72]
[55, 81, 92, 95, 100]
[2, 17, 64, 90, 96]
[5, 18, 54, 81, 85]
[25, 40, 42, 67, 86]
[25, 33, 40, 58, 95]
[27, 28, 40, 47, 81]
[41, 53, 58, 69, 96]
[19, 50, 51, 78, 84]
[18, 43, 56, 59, 69]
[11, 38, 52, 65, 92]
[3, 37, 57, 69, 95]
[25, 75, 84, 92, 97]
[9, 41, 42, 66, 93]
[11, 23, 89, 92, 97]
[29, 45, 68, 72, 86]
[21, 33, 58, 72, 100]
[0, 27, 46, 86, 91]
[29, 51, 57, 63, 94]
[14, 19, 24, 53, 57]
[13, 45, 68, 80, 82]
[23, 32, 66, 78, 93]
[14, 28, 32, 38, 43]
[4, 19, 26, 65, 84]
[3, 14, 30, 45, 69]
[29, 31, 33, 59, 80]
[21, 45, 48, 74, 76]
[31, 62, 79, 81, 94]
[23, 36, 48, 55, 86]
[0, 2, 59, 86, 88]
[15, 39, 47, 72, 97]
[13, 51, 59, 67, 84]
[0, 2, 11, 16, 82]
[11, 17, 77, 86, 90]
[21, 23, 28, 59, 63]
[4, 13, 15, 35, 94]
[22, 52, 71, 90, 93]
[20, 45, 48, 85, 95]
[9, 47, 55, 77, 92]
[4, 47, 56, 80, 86]
[29, 33, 37, 50, 96]
[15, 19, 46, 56, 87]
[6, 15, 56, 82, 83]
[31, 37, 43, 57, 85]
[7, 13, 33, 71, 84]
[30, 67, 68, 74, 82]
[21, 74, 80, 82, 85]
[15, 45, 69, 83, 89]
[3, 37, 38, 67, 72]
[2, 3, 15, 64, 92]
[2, 17, 42, 74, 98]
[10, 19, 20, 75, 97]
[15, 45, 62, 63, 78]
[29, 37, 39, 67, 86]
[7, 11, 25, 77, 99]
[48, 68, 86, 89, 99]
[29, 33, 40, 55, 57]
[1, 7, 27, 77, 98]
[4, 9, 48, 76, 83]
[26, 39, 71, 73, 77]
[11, 23, 33, 46, 68]
[11, 18, 24, 32, 51]
[1, 4, 44, 58, 95]
[11, 34, 53, 79, 81]
[1, 30, 50, 63, 65]
[11, 27, 42, 52, 55]
[16, 41, 70, 91, 92]
[9, 22, 37, 40, 62]
[6, 23, 35, 47, 100]
[3, 19, 47, 79, 97]
[3, 25, 42, 57, 75]
[18, 38, 41, 92, 94]
[37, 42, 58, 64, 73]
[15, 27, 35, 68, 71]
[1, 44, 64, 73, 99]
[66, 73, 78, 81, 87]
[17, 39, 66, 68, 69]
[18, 49, 50, 60, 63]
[35, 45, 91, 93, 100]
[11, 52, 57, 60, 96]
[38, 44, 45, 61, 74]
[18, 20, 52, 74, 85]
[30, 33, 63, 74, 87]
[3, 8, 51, 97, 99]
[4, 8, 10, 25, 80]
[29, 37, 56, 61, 90]
[25, 33, 45, 71, 84]
[31, 58, 61, 66, 74]
[12, 60, 66, 75, 99]
[8, 49, 57, 65, 66]
[15, 24, 71, 82, 93]
[4, 20, 21, 39, 89]
[12, 29, 70, 74, 77]
[3, 22, 68, 80, 84]
[1, 6, 21, 68, 96]
[42, 44, 56, 83, 93]
[21, 56, 78, 79, 100]
[20, 31, 34, 52, 66]
[19, 32, 43, 50, 72]
[15, 46, 52, 80, 96]
[34, 77, 86, 90, 100]
[19, 50, 65, 72, 83]
[10, 30, 64, 83, 88]
[12, 34, 62, 75, 90]
[21, 25, 50, 58, 74]
[15, 16, 57, 60, 62]
[18, 27, 41, 57, 81]
[10, 11, 72, 84, 87]
[29, 47, 74, 89, 93]
[22, 32, 48, 52, 70]
[26, 41, 72, 90, 95]
[2, 20, 36, 48, 62]
[5, 32, 41, 62, 67]
[18, 25, 26, 47, 100]
[13, 38, 40, 76, 93]
[29, 31, 34, 51, 73]
[39, 60, 65, 72, 96]
[23, 55, 69, 94, 97]
[16, 80, 82, 85, 97]
[19, 28, 37, 49, 62]
[0, 6, 10, 21, 80]
[4, 6, 59, 65, 90]
[19, 51, 81, 88, 100]
[6, 38, 47, 71, 87]
[22, 26, 39, 56, 65]
[2, 17, 33, 52, 75]
[16, 38, 45, 89, 95]
[3, 37, 86, 96, 99]
[19, 23, 39, 68, 70]
[25, 36, 61, 78, 90]
[11, 25, 49, 55, 61]
[16, 40, 62, 71, 73]
[2, 12, 47, 77, 87]
[17, 23, 25, 63, 88]
[63, 72, 76, 87, 90]
[7, 18, 65, 77, 83]
[29, 33, 54, 65, 74]
[5, 18, 45, 54, 92]
[24, 34, 36, 58, 61]
[1, 12, 78, 80, 99]
[27, 46, 47, 95, 96]
[23, 39, 41, 81, 98]
[18, 34, 37, 41, 72]
[10, 11, 42, 55, 81]
[12, 53, 66, 67, 80]
[12, 21, 38, 55, 71]
[26, 31, 55, 57, 79]
[13, 39, 44, 75, 83]
[6, 13, 28, 67, 74]
[15, 30, 37, 39, 100]
[1, 7, 39, 42, 90]
[18, 33, 36, 51, 90]
[7, 23, 63, 74, 85]
[25, 26, 68, 94, 97]
[3, 7, 54, 69, 80]
[30, 38, 44, 53, 77]
[11, 29, 89, 98, 100]
[1, 65, 69, 91, 99]
[7, 18, 32, 56, 91]
[17, 20, 33, 48, 98]
[1, 4, 7, 34, 82]
[18, 29, 41, 60, 85]
[6, 22, 36, 61, 80]
[36, 42, 64, 73, 79]
[40, 49, 52, 72, 85]
[23, 29, 47, 69, 99]
[7, 15, 79, 80, 100]
[41, 52, 65, 86, 94]
[2, 38, 45, 79, 92]
[13, 15, 33, 36, 100]
[15, 25, 48, 71, 94]
[30, 34, 39, 65, 70]
[4, 47, 56, 57, 69]
[7, 40, 44, 49, 59]
[5, 12, 22, 41, 50]
[6, 29, 34, 87, 88]
[19, 27, 39, 54, 92]
[12, 33, 57, 62, 72]
[22, 23, 31, 34, 71]
[56, 57, 62, 83, 87]
[23, 43, 64, 68, 79]
[25, 37, 66, 88, 94]
[3, 18, 35, 76, 97]
[2, 24, 42, 62, 66]
[4, 39, 53, 58, 90]
[17, 19, 22, 68, 96]
[2, 13, 54, 74, 88]
[34, 36, 64, 83, 98]
[0, 1, 5, 12, 57]
[0, 31, 32, 59, 69]
[5, 10, 40, 61, 64]
[33, 38, 47, 76, 87]
[3, 9, 40, 76, 79]
[2, 5, 14, 39, 69]
[10, 26, 38, 44, 55]
[11, 19, 26, 72, 100]
[37, 42, 50, 61, 63]
[6, 9, 25, 29, 84]
[22, 26, 36, 57, 71]
[5, 41, 59, 67, 84]
[25, 53, 62, 72, 89]
[4, 43, 72, 88, 93]
[4, 34, 62, 78, 85]
[5, 26, 45, 48, 75]
