[6, 8, 23, 27, 42]
[6, 7, 16, 39, 47]
[12, 14, 20, 26, 42]
[7, 29, 30, 39, 48]
[4, 16, 30, 33, 39]
[4, 15, 16, 25, 41]
[12, 13, 31, 34, 39]
[6, 7, 12, 21, 26]
[11, 17, 25, 31, 49]
[21, 33, 35, 44, 45]
[12, 18, 36, 48, 50]
[0, 25, 31, 43, 50]
[0, 6, 27, 31, 42]
[2, 13, 18, 31, 43]
[0, 17, 33, 45, 48]
[5, 8, 21, 33, 39]
[2, 10, 19, 36, 43]
[7, 17, 35, 40, 44]
[2, 14, 23, 25, 35]
[6, 7, 14, 44, 45]
[25, 26, 28, 32, 36]
[12, 13, 23, 34, 35]
[4, 9, 18, 19, 39]
[13, 16, 23, 40, 49]
[9, 33, 36, 38, 41]
[1, 7, 22, 31, 33]
[1, 10, 16, 33, 39]
[1, 10, 17, 18, 32]
[1, 4, 36, 38, 50]
[4, 13, 26, 28, 32]
[29, 30, 44, 46, 47]
[6, 29, 33, 38, 48]
[5, 16, 29, 33, 44]
[8, 27, 41, 45, 48]
[1, 31, 36, 38, 45]
[14, 23, 43, 48, 50]
[10, 22, 31, 49, 50]
[10, 25, 27, 43, 45]
[4, 7, 21, 26, 29]
[3, 7, 13, 38, 48]
[7, 14, 21, 45, 49]
[11, 21, 32, 36, 37]
[6, 7, 40, 44, 49]
[25, 36, 37, 38, 50]
[6, 13, 38, 41, 44]
[8, 14, 36, 38, 45]
[5, 20, 39, 43, 46]
[12, 16, 22, 37, 40]
[1, 10, 19, 26, 49]
[0, 6, 9, 11, 46]
[1, 5, 26, 32, 34]
[18, 32, 37, 46, 49]
[10, 13, 29, 45, 50]
[1, 4, 29, 38, 47]
[7, 8, 12, 16, 46]
[7, 14, 36, 39, 40]
[1, 3, 23, 36, 49]
[10, 15, 20, 36, 46]
[5, 10, 14, 22, 25]
[21, 30, 42, 44, 46]
[2, 6, 11, 25, 32]
[12, 22, 26, 32, 39]
[2, 6, 13, 30, 40]
[13, 15, 21, 33, 43]
[1, 24, 29, 44, 47]
[1, 8, 29, 37, 44]
[0, 15, 17, 18, 35]
[22, 24, 39, 42, 44]
[9, 11, 41, 47, 48]
[6, 7, 8, 15, 50]
[9, 18, 19, 29, 32]
[0, 8, 17, 25, 30]
[7, 10, 31, 40, 44]
[4, 20, 22, 30, 48]
[8, 13, 27, 47, 49]
[22, 28, 30, 31, 50]
[21, 23, 25, 28, 43]
[36, 38, 42, 44, 46]
[13, 15, 32, 39, 43]
[2, 20, 24, 33, 42]
[0, 1, 2, 3, 18]
[0, 1, 14, 41, 47]
[5, 12, 40, 42, 46]
[25, 27, 29, 33, 43]
[3, 13, 24, 37, 45]
[5, 8, 10, 20, 25]
[33, 34, 36, 44, 46]
[16, 22, 27, 42, 47]
[3, 4, 6, 10, 22]
[3, 21, 46, 49, 50]
[5, 7, 12, 15, 41]
[4, 6, 8, 22, 28]
[15, 20, 24, 33, 35]
[15, 21, 31, 38, 49]
[7, 18, 29, 36, 41]
[0, 2, 11, 38, 43]
[2, 26, 27, 42, 48]
[7, 16, 19, 20, 22]
[5, 6, 10, 17, 34]
[10, 13, 15, 35, 48]
[23, 26, 34, 38, 45]
[3, 20, 31, 41, 44]
[10, 24, 25, 40, 44]
[0, 7, 8, 25, 48]
[4, 6, 18, 21, 27]
[1, 11, 17, 23, 33]
[0, 8, 25, 31, 50]
[2, 6, 10, 26, 49]
[11, 24, 30, 42, 47]
[8, 12, 13, 28, 49]
[11, 13, 20, 23, 26]
[7, 19, 29, 39, 46]
[24, 32, 42, 46, 50]
[2, 14, 35, 43, 44]
[13, 16, 20, 28, 35]
[20, 26, 30, 36, 43]
[5, 6, 17, 18, 26]
[1, 7, 13, 33, 41]
[1, 16, 22, 31, 48]
[21, 28, 30, 35, 36]
[1, 5, 9, 34, 38]
[13, 30, 34, 37, 41]
[1, 4, 6, 11, 20]
[13, 26, 36, 37, 39]
[1, 12, 26, 42, 45]
[5, 24, 26, 29, 41]
[9, 11, 12, 27, 35]
[3, 13, 21, 37, 48]
[4, 14, 20, 49, 50]
[12, 26, 32, 34, 43]
[19, 20, 28, 31, 43]
[1, 10, 17, 32, 46]
[0, 23, 45, 46, 50]
[8, 13, 36, 38, 39]
[4, 9, 22, 44, 46]
[8, 16, 23, 29, 47]
[12, 14, 15, 35, 47]
[11, 22, 38, 43, 49]
[8, 11, 16, 23, 46]
[13, 15, 25, 29, 33]
[2, 24, 28, 43, 50]
[15, 20, 31, 45, 47]
[6, 19, 24, 25, 48]
[3, 12, 19, 32, 39]
[5, 16, 27, 34, 41]
[4, 19, 23, 29, 45]
[0, 1, 19, 37, 47]
[3, 10, 22, 24, 39]
[4, 8, 29, 30, 50]
[8, 12, 23, 46, 50]
[0, 6, 22, 33, 50]
[4, 11, 26, 39, 44]
[5, 11, 12, 15, 31]
[4, 12, 18, 38, 39]
[7, 21, 24, 34, 48]
[9, 11, 38, 39, 50]
[2, 28, 35, 42, 46]
[3, 37, 42, 47, 49]
[2, 13, 23, 28, 48]
[5, 6, 33, 40, 44]
[3, 5, 9, 21, 37]
[2, 3, 8, 17, 30]
[3, 10, 41, 44, 46]
[0, 21, 29, 34, 50]
[20, 31, 33, 34, 40]
[11, 33, 36, 48, 50]
[3, 9, 13, 38, 45]
[19, 28, 37, 38, 50]
[15, 18, 20, 24, 49]
[4, 7, 11, 13, 37]
[18, 20, 24, 35, 37]
[5, 8, 9, 46, 48]
[6, 12, 21, 41, 43]
[3, 20, 35, 39, 40]
[2, 9, 34, 36, 38]
[12, 22, 35, 44, 50]
[1, 3, 9, 16, 31]
[1, 14, 16, 22, 36]
[9, 10, 30, 37, 39]
[6, 11, 19, 28, 46]
[4, 21, 28, 29, 45]
[3, 24, 37, 41, 50]
[15, 18, 32, 37, 45]
[0, 6, 37, 46, 49]
[5, 12, 16, 41, 42]
[1, 19, 24, 26, 49]
[4, 13, 19, 32, 34]
[2, 32, 38, 39, 50]
[4, 6, 21, 24, 30]
[16, 18, 28, 45, 49]
[5, 12, 15, 42, 44]
[0, 19, 24, 25, 45]
[5, 16, 38, 43, 48]
[5, 35, 40, 42, 49]
[2, 32, 35, 41, 43]
[2, 29, 41, 42, 43]
[0, 5, 11, 26, 50]
[37, 39, 41, 47, 49]
[2, 24, 41, 42, 46]
[3, 7, 9, 21, 22]
[3, 6, 24, 29, 44]
[10, 22, 31, 37, 41]
[7, 11, 17, 31, 50]
[4, 18, 25, 36, 47]
[5, 16, 20, 21, 24]
[4, 17, 22, 24, 25]
[2, 13, 35, 40, 46]
[2, 4, 29, 38, 50]
[6, 7, 21, 32, 49]
[1, 15, 25, 28, 35]
[5, 21, 23, 27, 48]
[0, 20, 24, 25, 45]
[9, 22, 31, 47, 49]
[21, 38, 39, 48, 49]
[13, 15, 22, 24, 33]
[3, 13, 19, 21, 24]
[11, 12, 21, 35, 46]
[0, 10, 32, 46, 47]
[9, 14, 22, 35, 41]
[0, 8, 37, 41, 42]
[0, 10, 13, 28, 50]
[0, 5, 10, 36, 45]
[9, 13, 24, 25, 46]
[7, 14, 21, 39, 47]
[4, 19, 35, 46, 49]
[3, 6, 21, 28, 39]
[10, 18, 19, 39, 41]
[1, 5, 8, 33, 36]
[14, 20, 26, 37, 43]
[17, 23, 25, 48, 49]
[1, 4, 14, 25, 47]
[9, 16, 23, 40, 48]
[4, 5, 12, 14, 28]
[1, 16, 33, 34, 38]
[11, 18, 33, 35, 49]
[4, 6, 22, 35, 48]
[13, 16, 17, 32, 47]
[8, 18, 28, 33, 44]
[2, 11, 21, 36, 50]
[2, 11, 23, 31, 45]
[19, 26, 34, 37, 39]
[2, 33, 36, 40, 43]
[3, 20, 26, 33, 37]
[20, 29, 31, 39, 45]
[8, 13, 19, 20, 50]
[3, 22, 29, 34, 36]
[5, 16, 38, 40, 49]
[2, 21, 24, 41, 50]
[0, 11, 31, 45, 46]
[1, 13, 21, 31, 36]
