[20, 21, 22, 23, 24, 25, 26, 27, 28, 29, 30, 50]
[34, 35, 36, 37, 38, 39, 40, 50]
[38, 39, 40, 41, 42, 43, 44, 45, 46, 47, 50]
[35, 36, 37, 38, 39, 40, 41, 42, 43, 50]
[12, 13, 14, 15, 16, 17, 18, 19, 20, 21, 50]
[40, 41, 42, 43, 44, 45, 46, 47, 48, 49, 50]
[5, 6, 7, 8, 9, 10, 11, 50]
[21, 22, 23, 24, 25, 26, 50]
[4, 5, 6, 7, 8, 9, 10, 11, 12, 13, 14, 50]
[10, 11, 12, 13, 14, 15, 16, 17, 18, 50]
[4, 5, 6, 7, 8, 9, 10, 50]
[36, 37, 38, 39, 40, 41, 42, 43, 44, 45, 46, 50]
[9, 10, 11, 12, 13, 14, 15, 16, 17, 18, 19, 50]
[39, 40, 41, 42, 43, 44, 45, 46, 47, 48, 49, 50]
[7, 8, 9, 10, 11, 12, 50]
[32, 33, 34, 35, 36, 37, 38, 50]
[35, 36, 37, 38, 39, 40, 41, 42, 43, 44, 50]
[39, 40, 41, 42, 43, 44, 45, 46, 47, 50]
[40, 41, 42, 43, 44, 45, 46, 47, 50]
[31, 32, 33, 34, 35, 36, 37, 38, 39, 40, 50]
[3, 4, 5, 6, 7, 8, 50]
[5, 6, 7, 8, 9, 10, 11, 12, 13, 14, 50]
[11, 12, 13, 14, 15, 16, 17, 18, 19, 50]
[32, 33, 34, 35, 36, 37, 50]
[19, 20, 21, 22, 23, 24, 25, 26, 50]
[23, 24, 25, 26, 27, 28, 50]
[7, 8, 9, 10, 11, 12, 13, 14, 15, 16, 17, 50]
[31, 32, 33, 34, 35, 36, 37, 38, 39, 40, 41, 50]
[32, 33, 34, 35, 36, 37, 50]
[11, 12, 13, 14, 15, 16, 50]
[39, 40, 41, 42, 43, 44, 45, 46, 47, 50]
[30, 31, 32, 33, 34, 35, 36, 37, 38, 39, 50]
[41, 42, 43, 44, 45, 46, 47, 50]
[23, 24, 25, 26, 27, 28, 29, 50]
[22, 23, 24, 25, 26, 27, 28, 50]
[20, 21, 22, 23, 24, 25, 26, 27, 28, 50]
[14, 15, 16, 17, 18, 19, 20, 21, 22, 23, 24, 50]
[17, 18, 19, 20, 21, 22, 23, 24, 25, 26, 27, 50]
[9, 10, 11, 12, 13, 14, 15, 50]
[1, 2, 3, 4, 5, 6, 50]
[29, 30, 31, 32, 33, 34, 35, 36, 37, 50]
[18, 19, 20, 21, 22, 23, 50]
[26, 27, 28, 29, 30, 31, 32, 50]
[17, 18, 19, 20, 21, 22, 23, 24, 25, 26, 50]
[35, 36, 37, 38, 39, 40, 41, 50]
[44, 45, 46, 47, 48, 49, 50]
[16, 17, 18, 19, 20, 21, 22, 50]
[38, 39, 40, 41, 42, 43, 44, 50]
[21, 22, 23, 24, 25, 26, 27, 28, 29, 30, 31, 50]
[25, 26, 27, 28, 29, 30, 31, 32, 33, 34, 35, 50]
[20, 21, 22, 23, 24, 25, 26, 27, 28, 29, 50]
[6, 7, 8, 9, 10, 11, 50]
[21, 22, 23, 24, 25, 26, 27, 28, 29, 30, 50]
[32, 33, 34, 35, 36, 37, 50]
[7, 8, 9, 10, 11, 12, 13, 14, 15, 50]
[23, 24, 25, 26, 27, 28, 29, 50]
[2, 3, 4, 5, 6, 7, 8, 9, 50]
[29, 30, 31, 32, 33, 34, 35, 36, 37, 38, 39, 50]
[4, 5, 6, 7, 8, 9, 10, 11, 50]
[11, 12, 13, 14, 15, 16, 17, 18, 19, 20, 21, 50]
[42, 43, 44, 45, 46, 47, 48, 50]
[16, 17, 18, 19, 20, 21, 50]
[41, 42, 43, 44, 45, 46, 47, 48, 50]
[33, 34, 35, 36, 37, 38, 39, 40, 41, 42, 43, 50]
[41, 42, 43, 44, 45, 46, 50]
[29, 30, 31, 32, 33, 34, 35, 36, 37, 50]
[0, 1, 2, 3, 4, 5, 6, 7, 8, 9, 50]
[4, 5, 6, 7, 8, 9, 10, 11, 12, 50]
[23, 24, 25, 26, 27, 28, 29, 30, 50]
[41, 42, 43, 44, 45, 46, 47, 48, 49, 50]
[20, 21, 22, 23, 24, 25, 26, 27, 50]
[9, 10, 11, 12, 13, 14, 15, 16, 50]
[22, 23, 24, 25, 26, 27, 28, 29, 30, 31, 50]
[36, 37, 38, 39, 40, 41, 42, 43, 44, 45, 46, 50]
[11, 12, 13, 14, 15, 16, 17, 18, 19, 50]
[21, 22, 23, 24, 25, 26, 27, 28, 50]
[31, 32, 33, 34, 35, 36, 37, 38, 39, 40, 50]
[33, 34, 35, 36, 37, 38, 50]
[2, 3, 4, 5, 6, 7, 8, 9, 10, 11, 12, 50]
[2, 3, 4, 5, 6, 7, 50]
[15, 16, 17, 18, 19, 20, 50]
[14, 15, 16, 17, 18, 19, 50]
[19, 20, 21, 22, 23, 24, 50]
[21, 22, 23, 24, 25, 26, 27, 28, 29, 30, 50]
[13, 14, 15, 16, 17, 18, 19, 20, 21, 22, 50]
[4, 5, 6, 7, 8, 9, 10, 11, 12, 13, 50]
[7, 8, 9, 10, 11, 12, 13, 14, 15, 50]
[32, 33, 34, 35, 36, 37, 38, 39, 40, 50]
[9, 10, 11, 12, 13, 14, 15, 16, 17, 50]
[33, 34, 35, 36, 37, 38, 39, 50]
[21, 22, 23, 24, 25, 26, 50]
[8, 9, 10, 11, 12, 13, 14, 15, 50]
[5, 6, 7, 8, 9, 10, 11, 12, 50]
[18, 19, 20, 21, 22, 23, 24, 25, 26, 27, 50]
[6, 7, 8, 9, 10, 11, 50]
[40, 41, 42, 43, 44, 45, 46, 47, 50]
[27, 28, 29, 30, 31, 32, 33, 34, 35, 50]
[4, 5, 6, 7, 8, 9, 10, 11, 50]
[8, 9, 10, 11, 12, 13, 14, 15, 16, 17, 50]
[0, 1, 2, 3, 4, 5, 6, 7, 8, 50]
[11, 12, 13, 14, 15, 16, 17, 18, 50]
[43, 44, 45, 46, 47, 48, 49, 50]
[22, 23, 24, 25, 26, 27, 28, 29, 50]
[9, 10, 11, 12, 13, 14, 50]
[27, 28, 29, 30, 31, 32, 50]
[34, 35, 36, 37, 38, 39, 40, 41, 42, 43, 50]
[24, 25, 26, 27, 28, 29, 30, 31, 32, 50]
[31, 32, 33, 34, 35, 36, 37, 38, 39, 40, 50]
[5, 6, 7, 8, 9, 10, 11, 50]
[11, 12, 13, 14, 15, 16, 17, 18, 50]
[0, 1, 2, 3, 4, 5, 6, 7, 8, 9, 10, 50]
[40, 41, 42, 43, 44, 45, 46, 47, 50]
[20, 21, 22, 23, 24, 25, 26, 27, 28, 29, 30, 50]
[3, 4, 5, 6, 7, 8, 9, 50]
[6, 7, 8, 9, 10, 11, 12, 50]
[6, 7, 8, 9, 10, 11, 12, 50]
[11, 12, 13, 14, 15, 16, 17, 18, 50]
[38, 39, 40, 41, 42, 43, 50]
[37, 38, 39, 40, 41, 42, 43, 44, 45, 46, 47, 50]
[35, 36, 37, 38, 39, 40, 41, 50]
[31, 32, 33, 34, 35, 36, 37, 38, 50]
[20, 21, 22, 23, 24, 25, 26, 27, 28, 50]
[37, 38, 39, 40, 41, 42, 43, 44, 45, 50]
[5, 6, 7, 8, 9, 10, 11, 12, 13, 50]
[18, 19, 20, 21, 22, 23, 24, 25, 26, 27, 50]
[37, 38, 39, 40, 41, 42, 43, 44, 45, 46, 47, 50]
[30, 31, 32, 33, 34, 35, 36, 37, 38, 39, 50]
[38, 39, 40, 41, 42, 43, 44, 45, 46, 47, 50]
[32, 33, 34, 35, 36, 37, 38, 39, 40, 41, 42, 50]
[12, 13, 14, 15, 16, 17, 18, 50]
[6, 7, 8, 9, 10, 11, 12, 13, 14, 15, 50]
[0, 1, 2, 3, 4, 5, 6, 7, 8, 9, 50]
[20, 21, 22, 23, 24, 25, 26, 27, 28, 29, 50]
[18, 19, 20, 21, 22, 23, 24, 25, 26, 27, 28, 50]
[9, 10, 11, 12, 13, 14, 15, 16, 50]
[18, 19, 20, 21, 22, 23, 50]
[11, 12, 13, 14, 15, 16, 17, 18, 19, 50]
[15, 16, 17, 18, 19, 20, 21, 22, 23, 24, 25, 50]
[35, 36, 37, 38, 39, 40, 41, 50]
[37, 38, 39, 40, 41, 42, 50]
[9, 10, 11, 12, 13, 14, 15, 50]
[43, 44, 45, 46, 47, 48, 50]
[15, 16, 17, 18, 19, 20, 21, 50]
[9, 10, 11, 12, 13, 14, 50]
[25, 26, 27, 28, 29, 30, 50]
[37, 38, 39, 40, 41, 42, 50]
[2, 3, 4, 5, 6, 7, 8, 9, 10, 11, 50]
[33, 34, 35, 36, 37, 38, 39, 40, 41, 42, 50]
[20, 21, 22, 23, 24, 25, 50]
[30, 31, 32, 33, 34, 35, 36, 50]
[15, 16, 17, 18, 19, 20, 21, 22, 23, 24, 25, 50]
[11, 12, 13, 14, 15, 16, 17, 18, 19, 20, 50]
[32, 33, 34, 35, 36, 37, 38, 50]
[26, 27, 28, 29, 30, 31, 32, 33, 50]
[10, 11, 12, 13, 14, 15, 16, 17, 50]
[26, 27, 28, 29, 30, 31, 32, 33, 34, 35, 50]
[26, 27, 28, 29, 30, 31, 32, 33, 50]
[42, 43, 44, 45, 46, 47, 48, 50]
[10, 11, 12, 13, 14, 15, 16, 17, 50]
[36, 37, 38, 39, 40, 41, 42, 43, 44, 45, 46, 50]
[21, 22, 23, 24, 25, 26, 27, 28, 29, 30, 50]
[23, 24, 25, 26, 27, 28, 29, 30, 31, 32, 50]
[9, 10, 11, 12, 13, 14, 15, 16, 17, 18, 50]
[11, 12, 13, 14, 15, 16, 17, 18, 19, 50]
[22, 23, 24, 25, 26, 27, 28, 29, 30, 31, 32, 50]
[7, 8, 9, 10, 11, 12, 50]
[29, 30, 31, 32, 33, 34, 35, 36, 37, 50]
[7, 8, 9, 10, 11, 12, 13, 14, 15, 16, 17, 50]
[17, 18, 19, 20, 21, 22, 23, 24, 25, 26, 27, 50]
[41, 42, 43, 44, 45, 46, 47, 50]
[38, 39, 40, 41, 42, 43, 44, 50]
[15, 16, 17, 18, 19, 20, 21, 22, 23, 24, 25, 50]
[6, 7, 8, 9, 10, 11, 12, 13, 14, 15, 16, 50]
[25, 26, 27, 28, 29, 30, 31, 32, 33, 50]
[14, 15, 16, 17, 18, 19, 50]
[39, 40, 41, 42, 43, 44, 50]
[31, 32, 33, 34, 35, 36, 37, 50]
[41, 42, 43, 44, 45, 46, 47, 50]
[17, 18, 19, 20, 21, 22, 50]
[40, 41, 42, 43, 44, 45, 46, 47, 48, 49, 50]
[10, 11, 12, 13, 14, 15, 16, 50]
[32, 33, 34, 35, 36, 37, 50]
[14, 15, 16, 17, 18, 19, 20, 21, 22, 50]
[4, 5, 6, 7, 8, 9, 10, 11, 12, 13, 50]
[2, 3, 4, 5, 6, 7, 50]
[22, 23, 24, 25, 26, 27, 50]
[27, 28, 29, 30, 31, 32, 33, 34, 35, 50]
[36, 37, 38, 39, 40, 41, 42, 43, 44, 45, 50]
[34, 35, 36, 37, 38, 39, 40, 41, 42, 43, 44, 50]
[36, 37, 38, 39, 40, 41, 42, 43, 44, 50]
[32, 33, 34, 35, 36, 37, 38, 39, 50]
[2, 3, 4, 5, 6, 7, 50]
[33, 34, 35, 36, 37, 38, 39, 40, 50]
[7, 8, 9, 10, 11, 12, 13, 14, 15, 50]
[25, 26, 27, 28, 29, 30, 31, 32, 50]
[26, 27, 28, 29, 30, 31, 32, 33, 34, 35, 36, 50]
[13, 14, 15, 16, 17, 18, 19, 20, 21, 22, 23, 50]
[39, 40, 41, 42, 43, 44, 45, 46, 47, 50]
[23, 24, 25, 26, 27, 28, 29, 30, 31, 32, 33, 50]
[36, 37, 38, 39, 40, 41, 50]
[14, 15, 16, 17, 18, 19, 20, 21, 22, 23, 24, 50]
[8, 9, 10, 11, 12, 13, 14, 50]
[37, 38, 39, 40, 41, 42, 43, 44, 50]
[18, 19, 20, 21, 22, 23, 24, 25, 26, 27, 50]
[22, 23, 24, 25, 26, 27, 28, 29, 50]
[7, 8, 9, 10, 11, 12, 13, 50]
[36, 37, 38, 39, 40, 41, 42, 43, 44, 45, 50]
[2, 3, 4, 5, 6, 7, 8, 9, 10, 11, 12, 50]
[2, 3, 4, 5, 6, 7, 8, 50]
[42, 43, 44, 45, 46, 47, 48, 49, 50]
[9, 10, 11, 12, 13, 14, 15, 16, 50]
[1, 2, 3, 4, 5, 6, 50]
[45, 46, 47, 48, 49, 50]
[24, 25, 26, 27, 28, 29, 30, 31, 32, 50]
[13, 14, 15, 16, 17, 18, 19, 20, 21, 22, 23, 50]
[19, 20, 21, 22, 23, 24, 25, 50]
[37, 38, 39, 40, 41, 42, 43, 44, 45, 46, 47, 50]
[6, 7, 8, 9, 10, 11, 12, 50]
[9, 10, 11, 12, 13, 14, 50]
[11, 12, 13, 14, 15, 16, 17, 18, 19, 50]
[21, 22, 23, 24, 25, 26, 50]
[23, 24, 25, 26, 27, 28, 29, 30, 50]
[27, 28, 29, 30, 31, 32, 33, 34, 35, 36, 37, 50]
[24, 25, 26, 27, 28, 29, 30, 31, 32, 33, 50]
[27, 28, 29, 30, 31, 32, 50]
[25, 26, 27, 28, 29, 30, 31, 32, 33, 50]
[23, 24, 25, 26, 27, 28, 29, 30, 50]
[17, 18, 19, 20, 21, 22, 23, 50]
[30, 31, 32, 33, 34, 35, 36, 37, 50]
[20, 21, 22, 23, 24, 25, 26, 27, 28, 29, 50]
[36, 37, 38, 39, 40, 41, 42, 43, 44, 45, 46, 50]
[3, 4, 5, 6, 7, 8, 9, 10, 11, 12, 50]
[35, 36, 37, 38, 39, 40, 41, 42, 43, 44, 45, 50]
[22, 23, 24, 25, 26, 27, 28, 29, 50]
[21, 22, 23, 24, 25, 26, 50]
[21, 22, 23, 24, 25, 26, 27, 50]
[2, 3, 4, 5, 6, 7, 8, 9, 10, 11, 50]
[38, 39, 40, 41, 42, 43, 44, 45, 46, 47, 50]
[1, 2, 3, 4, 5, 6, 7, 50]
[37, 38, 39, 40, 41, 42, 43, 44, 45, 46, 47, 50]
[37, 38, 39, 40, 41, 42, 43, 44, 45, 46, 47, 50]
[29, 30, 31, 32, 33, 34, 35, 50]
[34, 35, 36, 37, 38, 39, 40, 41, 42, 43, 50]
[31, 32, 33, 34, 35, 36, 37, 38, 39, 40, 50]
[19, 20, 21, 22, 23, 24, 50]
[29, 30, 31, 32, 33, 34, 35, 36, 37, 50]
[14, 15, 16, 17, 18, 19, 50]
[5, 6, 7, 8, 9, 10, 11, 12, 13, 14, 50]
[17, 18, 19, 20, 21, 22, 23, 24, 25, 26, 50]
[6, 7, 8, 9, 10, 11, 12, 13, 14, 15, 50]
