[30, 31, 32, 33, 34, 35]
[7, 8, 9, 10, 11, 12, 13, 14]
[19, 20, 21, 22, 23, 24, 25, 26, 27, 28]
[24, 25, 26, 27, 28, 29, 30, 31, 32, 33]
[3, 4, 5, 6, 7, 8]
[18, 19, 20, 21, 22, 23, 24, 25]
[35, 36, 37, 38, 39, 40]
[43, 44, 45, 46, 47, 48]
[30, 31, 32, 33, 34, 35, 36, 37, 38, 39]
[28, 29, 30, 31, 32, 33]
[14, 15, 16, 17, 18, 19, 20]
[17, 18, 19, 20, 21, 22, 23, 24, 25]
[38, 39, 40, 41, 42, 43, 44, 45, 46, 47]
[30, 31, 32, 33, 34, 35, 36, 37, 38]
[25, 26, 27, 28, 29, 30, 31]
[30, 31, 32, 33, 34, 35, 36, 37, 38, 39]
[41, 42, 43, 44, 45, 46, 47, 48, 49]
[16, 17, 18, 19, 20, 21]
[31, 32, 33, 34, 35, 36, 37]
[8, 9, 10, 11, 12, 13]
[4, 5, 6, 7, 8, 9]
[6, 7, 8, 9, 10, 11, 12, 13, 14, 15, 16]
[33, 34, 35, 36, 37, 38, 39]
[42, 43, 44, 45, 46, 47, 48]
[9, 10, 11, 12, 13, 14, 15, 16, 17]
[13, 14, 15, 16, 17, 18]
[11, 12, 13, 14, 15, 16, 17, 18, 19, 20]
[8, 9, 10, 11, 12, 13, 14, 15, 16, 17, 18]
[37, 38, 39, 40, 41, 42]
[17, 18, 19, 20, 21, 22, 23]
[28, 29, 30, 31, 32, 33, 34, 35, 36]
[25, 26, 27, 28, 29, 30]
[21, 22, 23, 24, 25, 26, 27, 28]
[44, 45, 46, 47, 48, 49, 50]
[28, 29, 30, 31, 32, 33, 34, 35]
[33, 34, 35, 36, 37, 38]
[3, 4, 5, 6, 7, 8, 9, 10, 11]
[6, 7, 8, 9, 10, 11, 12, 13, 14]
[27, 28, 29, 30, 31, 32, 33, 34, 35, 36, 37]
[1, 2, 3, 4, 5, 6, 7, 8, 9]
[25, 26, 27, 28, 29, 30, 31, 32, 33, 34]
[38, 39, 40, 41, 42, 43, 44, 45, 46, 47]
[39, 40, 41, 42, 43, 44, 45, 46, 47]
[20, 21, 22, 23, 24, 25, 26]
[8, 9, 10, 11, 12, 13, 14, 15, 16]
[18, 19, 20, 21, 22, 23, 24, 25, 26]
[26, 27, 28, 29, 30, 31]
[9, 10, 11, 12, 13, 14, 15, 16, 17, 18]
[4, 5, 6, 7, 8, 9]
[9, 10, 11, 12, 13, 14, 15, 16, 17, 18]
[10, 11, 12, 13, 14, 15, 16, 17, 18, 19]
[21, 22, 23, 24, 25, 26, 27, 28, 29]
[40, 41, 42, 43, 44, 45]
[34, 35, 36, 37, 38, 39, 40, 41, 42, 43, 44]
[7, 8, 9, 10, 11, 12, 13, 14]
[30, 31, 32, 33, 34, 35, 36, 37, 38, 39]
[11, 12, 13, 14, 15, 16, 17]
[9, 10, 11, 12, 13, 14, 15, 16, 17]
[18, 19, 20, 21, 22, 23, 24, 25]
[8, 9, 10, 11, 12, 13]
[7, 8, 9, 10, 11, 12, 13, 14, 15]
[10, 11, 12, 13, 14, 15, 16, 17, 18]
[30, 31, 32, 33, 34, 35, 36, 37, 38]
[13, 14, 15, 16, 17, 18, 19, 20, 21, 22, 23]
[5, 6, 7, 8, 9, 10, 11, 12]
[3, 4, 5, 6, 7, 8, 9, 10, 11, 12, 13]
[23, 24, 25, 26, 27, 28, 29, 30]
[18, 19, 20, 21, 22, 23, 24, 25]
[20, 21, 22, 23, 24, 25, 26, 27, 28, 29]
[25, 26, 27, 28, 29, 30, 31, 32, 33, 34, 35]
[0, 1, 2, 3, 4, 5, 6, 7]
[18, 19, 20, 21, 22, 23]
[16, 17, 18, 19, 20, 21, 22]
[35, 36, 37, 38, 39, 40, 41]
[40, 41, 42, 43, 44, 45, 46, 47]
[38, 39, 40, 41, 42, 43, 44, 45]
[8, 9, 10, 11, 12, 13, 14, 15, 16]
[19, 20, 21, 22, 23, 24, 25, 26, 27, 28, 29]
[10, 11, 12, 13, 14, 15, 16, 17, 18, 19, 20]
[38, 39, 40, 41, 42, 43, 44]
[9, 10, 11, 12, 13, 14, 15, 16, 17]
[26, 27, 28, 29, 30, 31, 32, 33, 34, 35]
[25, 26, 27, 28, 29, 30, 31, 32, 33, 34, 35]
[33, 34, 35, 36, 37, 38, 39, 40, 41]
[32, 33, 34, 35, 36, 37, 38, 39, 40, 41]
[31, 32, 33, 34, 35, 36, 37, 38, 39, 40, 41]
[14, 15, 16, 17, 18, 19, 20]
[6, 7, 8, 9, 10, 11, 12, 13]
[32, 33, 34, 35, 36, 37, 38, 39, 40, 41, 42]
[0, 1, 2, 3, 4, 5, 6]
[7, 8, 9, 10, 11, 12, 13, 14]
[14, 15, 16, 17, 18, 19, 20, 21, 22, 23, 24]
[24, 25, 26, 27, 28, 29, 30]
[2, 3, 4, 5, 6, 7]
[10, 11, 12, 13, 14, 15, 16, 17, 18, 19, 20]
[33, 34, 35, 36, 37, 38, 39, 40, 41, 42]
[18, 19, 20, 21, 22, 23, 24, 25, 26]
[7, 8, 9, 10, 11, 12, 13, 14, 15]
[7, 8, 9, 10, 11, 12, 13, 14, 15, 16]
[21, 22, 23, 24, 25, 26, 27]
[13, 14, 15, 16, 17, 18, 19, 20, 21]
[13, 14, 15, 16, 17, 18]
[38, 39, 40, 41, 42, 43, 44, 45, 46, 47, 48]
[10, 11, 12, 13, 14, 15]
[2, 3, 4, 5, 6, 7, 8, 9, 10]
[25, 26, 27, 28, 29, 30]
[42, 43, 44, 45, 46, 47, 48, 49, 50]
[16, 17, 18, 19, 20, 21]
[3, 4, 5, 6, 7, 8, 9, 10, 11]
[29, 30, 31, 32, 33, 34, 35, 36, 37, 38, 39]
[29, 30, 31, 32, 33, 34, 35, 36]
[30, 31, 32, 33, 34, 35, 36]
[16, 17, 18, 19, 20, 21, 22, 23, 24]
[22, 23, 24, 25, 26, 27, 28]
[21, 22, 23, 24, 25, 26, 27]
[30, 31, 32, 33, 34, 35, 36, 37, 38, 39, 40]
[41, 42, 43, 44, 45, 46, 47]
[7, 8, 9, 10, 11, 12, 13, 14, 15]
[8, 9, 10, 11, 12, 13, 14]
[30, 31, 32, 33, 34, 35, 36, 37]
[16, 17, 18, 19, 20, 21]
[42, 43, 44, 45, 46, 47, 48, 49, 50]
[15, 16, 17, 18, 19, 20, 21, 22, 23]
[36, 37, 38, 39, 40, 41]
[28, 29, 30, 31, 32, 33, 34]
[38, 39, 40, 41, 42, 43, 44]
[42, 43, 44, 45, 46, 47, 48, 49, 50]
[42, 43, 44, 45, 46, 47, 48]
[11, 12, 13, 14, 15, 16, 17, 18, 19]
[10, 11, 12, 13, 14, 15, 16, 17, 18]
[3, 4, 5, 6, 7, 8, 9, 10, 11]
[15, 16, 17, 18, 19, 20, 21, 22, 23, 24]
[27, 28, 29, 30, 31, 32, 33, 34, 35, 36]
[24, 25, 26, 27, 28, 29, 30, 31]
[11, 12, 13, 14, 15, 16, 17]
[15, 16, 17, 18, 19, 20, 21, 22, 23, 24, 25]
[9, 10, 11, 12, 13, 14, 15, 16, 17, 18, 19]
[4, 5, 6, 7, 8, 9, 10, 11, 12]
[28, 29, 30, 31, 32, 33, 34, 35, 36]
[37, 38, 39, 40, 41, 42, 43, 44, 45, 46]
[33, 34, 35, 36, 37, 38, 39]
[36, 37, 38, 39, 40, 41, 42, 43, 44, 45]
[30, 31, 32, 33, 34, 35, 36, 37]
[43, 44, 45, 46, 47, 48]
[31, 32, 33, 34, 35, 36]
[22, 23, 24, 25, 26, 27, 28, 29, 30]
[2, 3, 4, 5, 6, 7, 8, 9]
[38, 39, 40, 41, 42, 43, 44, 45, 46, 47]
[26, 27, 28, 29, 30, 31, 32, 33]
[41, 42, 43, 44, 45, 46, 47, 48, 49]
[7, 8, 9, 10, 11, 12, 13, 14, 15, 16, 17]
[25, 26, 27, 28, 29, 30, 31]
[13, 14, 15, 16, 17, 18, 19]
[16, 17, 18, 19, 20, 21, 22, 23, 24]
[40, 41, 42, 43, 44, 45, 46, 47, 48]
[1, 2, 3, 4, 5, 6, 7, 8, 9]
[36, 37, 38, 39, 40, 41, 42, 43, 44, 45]
[8, 9, 10, 11, 12, 13, 14, 15, 16, 17]
[2, 3, 4, 5, 6, 7, 8, 9]
[24, 25, 26, 27, 28, 29, 30, 31]
[23, 24, 25, 26, 27, 28, 29, 30, 31, 32]
[0, 1, 2, 3, 4, 5, 6, 7]
[34, 35, 36, 37, 38, 39]
[2, 3, 4, 5, 6, 7, 8, 9]
[34, 35, 36, 37, 38, 39, 40, 41]
[45, 46, 47, 48, 49, 50]
[29, 30, 31, 32, 33, 34, 35, 36, 37, 38]
[40, 41, 42, 43, 44, 45, 46, 47, 48, 49, 50]
[30, 31, 32, 33, 34, 35, 36, 37, 38, 39]
[9, 10, 11, 12, 13, 14, 15, 16]
[32, 33, 34, 35, 36, 37, 38]
[41, 42, 43, 44, 45, 46, 47, 48, 49, 50]
[6, 7, 8, 9, 10, 11]
[37, 38, 39, 40, 41, 42]
[40, 41, 42, 43, 44, 45, 46, 47]
[3, 4, 5, 6, 7, 8]
[13, 14, 15, 16, 17, 18]
[5, 6, 7, 8, 9, 10, 11, 12, 13]
[32, 33, 34, 35, 36, 37, 38, 39, 40, 41]
[14, 15, 16, 17, 18, 19, 20, 21]
[24, 25, 26, 27, 28, 29, 30, 31, 32, 33]
[24, 25, 26, 27, 28, 29, 30, 31, 32, 33]
[1, 2, 3, 4, 5, 6, 7, 8, 9]
[10, 11, 12, 13, 14, 15]
[42, 43, 44, 45, 46, 47, 48, 49]
[0, 1, 2, 3, 4, 5, 6, 7, 8]
[8, 9, 10, 11, 12, 13, 14]
[3, 4, 5, 6, 7, 8, 9]
[16, 17, 18, 19, 20, 21, 22]
[3, 4, 5, 6, 7, 8, 9, 10]
[8, 9, 10, 11, 12, 13, 14, 15]
[34, 35, 36, 37, 38, 39, 40, 41]
[2, 3, 4, 5, 6, 7, 8, 9, 10, 11]
[19, 20, 21, 22, 23, 24, 25, 26]
[16, 17, 18, 19, 20, 21, 22, 23, 24]
[33, 34, 35, 36, 37, 38]
[22, 23, 24, 25, 26, 27, 28, 29]
[16, 17, 18, 19, 20, 21, 22, 23, 24]
[41, 42, 43, 44, 45, 46, 47, 48, 49, 50]
[36, 37, 38, 39, 40, 41, 42, 43, 44, 45]
[28, 29, 30, 31, 32, 33, 34, 35]
[19, 20, 21, 22, 23, 24, 25, 26]
[26, 27, 28, 29, 30, 31, 32, 33, 34, 35]
[14, 15, 16, 17, 18, 19]
[12, 13, 14, 15, 16, 17, 18, 19, 20, 21, 22]
[31, 32, 33, 34, 35, 36, 37]
[2, 3, 4, 5, 6, 7, 8, 9, 10, 11, 12]
[9, 10, 11, 12, 13, 14, 15, 16, 17, 18]
[13, 14, 15, 16, 17, 18, 19]
[27, 28, 29, 30, 31, 32, 33]
[27, 28, 29, 30, 31, 32, 33, 34, 35, 36]
[17, 18, 19, 20, 21, 22, 23, 24, 25]
[41, 42, 43, 44, 45, 46]
[0, 1, 2, 3, 4, 5]
[40, 41, 42, 43, 44, 45]
[4, 5, 6, 7, 8, 9, 10, 11]
[5, 6, 7, 8, 9, 10]
[45, 46, 47, 48, 49, 50]
[7, 8, 9, 10, 11, 12, 13, 14]
[0, 1, 2, 3, 4, 5]
[44, 45, 46, 47, 48, 49, 50]
[3, 4, 5, 6, 7, 8, 9, 10]
[2, 3, 4, 5, 6, 7, 8, 9]
[41, 42, 43, 44, 45, 46, 47, 48]
[31, 32, 33, 34, 35, 36]
[27, 28, 29, 30, 31, 32, 33, 34]
[41, 42, 43, 44, 45, 46]
[36, 37, 38, 39, 40, 41, 42, 43, 44, 45, 46]
[26, 27, 28, 29, 30, 31, 32, 33, 34, 35, 36]
[26, 27, 28, 29, 30, 31, 32, 33, 34, 35, 36]
[26, 27, 28, 29, 30, 31, 32, 33, 34, 35]
[34, 35, 36, 37, 38, 39, 40, 41, 42, 43]
[18, 19, 20, 21, 22, 23]
[1, 2, 3, 4, 5, 6, 7, 8, 9, 10, 11]
[43, 44, 45, 46, 47, 48]
[37, 38, 39, 40, 41, 42, 43, 44, 45, 46]
[1, 2, 3, 4, 5, 6]
[0, 1, 2, 3, 4, 5, 6, 7, 8, 9]
[6, 7, 8, 9, 10, 11, 12, 13, 14]
[1, 2, 3, 4, 5, 6, 7, 8]
[38, 39, 40, 41, 42, 43, 44, 45]
[18, 19, 20, 21, 22, 23, 24, 25, 26]
[12, 13, 14, 15, 16, 17, 18, 19, 20, 21]
[34, 35, 36, 37, 38, 39, 40, 41, 42]
[41, 42, 43, 44, 45, 46]
[15, 16, 17, 18, 19, 20, 21, 22, 23, 24, 25]
[7, 8, 9, 10, 11, 12, 13]
[18, 19, 20, 21, 22, 23]
[2, 3, 4, 5, 6, 7, 8]
[30, 31, 32, 33, 34, 35, 36]
