[1, 10, 20, 32, 41]
[1, 2, 8, 23, 43]
[0, 3, 9, 28, 42]
[2, 28, 36, 40, 48]
[17, 28, 39, 43, 47]
[16, 24, 25, 35, 44]
[3, 8, 10, 41, 46]
[18, 19, 29, 40, 44]
[10, 19, 22, 30, 32]
[7, 13, 21, 32, 50]
[19, 22, 35, 37, 50]
[22, 30, 41, 45, 49]
[8, 11, 21, 29, 31]
[27, 36, 41, 47, 49]
[4, 21, 28, 38, 44]
[6, 7, 16, 17, 45]
[11, 12, 22, 37, 45]
[16, 23, 33, 34, 37]
[13, 41, 45, 49, 50]
[3, 6, 14, 21, 38]
[0, 17, 23, 37, 44]
[5, 14, 21, 30, 31]
[16, 19, 29, 33, 42]
[14, 15, 35, 47, 48]
[6, 12, 27, 31, 41]
[11, 14, 28, 36, 39]
[2, 14, 26, 40, 47]
[1, 21, 23, 32, 48]
[6, 9, 27, 32, 46]
[11, 14, 24, 33, 39]
[17, 18, 31, 39, 41]
[5, 15, 19, 32, 44]
[5, 24, 27, 44, 49]
[3, 9, 19, 31, 39]
[22, 23, 24, 29, 42]
[9, 19, 26, 38, 46]
[8, 14, 15, 36, 43]
[4, 20, 28, 31, 34]
[9, 19, 24, 27, 42]
[2, 4, 19, 31, 49]
[8, 13, 15, 19, 27]
[12, 21, 31, 38, 50]
[3, 10, 18, 29, 35]
[9, 31, 32, 43, 46]
[12, 21, 23, 35, 44]
[6, 23, 28, 37, 38]
[1, 4, 14, 21, 29]
[10, 15, 26, 39, 45]
[4, 9, 34, 36, 40]
[19, 31, 42, 47, 50]
[7, 17, 27, 36, 49]
[1, 3, 15, 23, 39]
[18, 28, 34, 36, 42]
[20, 25, 26, 44, 46]
[15, 36, 38, 40, 48]
[11, 23, 38, 47, 48]
[14, 17, 19, 21, 23]
[15, 24, 25, 34, 50]
[3, 5, 22, 38, 42]
[8, 13, 20, 29, 41]
[9, 19, 31, 38, 39]
[4, 14, 21, 25, 46]
[0, 1, 21, 39, 49]
[0, 10, 24, 27, 46]
[22, 25, 31, 38, 40]
[2, 6, 9, 13, 18]
[0, 17, 21, 22, 27]
[6, 18, 27, 46, 49]
[0, 3, 12, 24, 40]
[0, 5, 11, 29, 42]
[0, 6, 28, 29, 30]
[1, 25, 33, 39, 50]
[12, 18, 29, 37, 42]
[19, 22, 30, 38, 49]
[10, 15, 21, 29, 50]
[4, 24, 26, 29, 47]
[16, 21, 24, 32, 37]
[6, 18, 40, 44, 48]
[4, 12, 23, 24, 29]
[6, 14, 22, 27, 45]
[6, 11, 14, 24, 26]
[17, 18, 25, 33, 43]
[8, 15, 22, 44, 49]
[2, 3, 6, 20, 37]
[3, 18, 34, 46, 47]
[10, 17, 31, 36, 45]
[23, 27, 28, 34, 39]
[10, 24, 35, 37, 47]
[7, 11, 16, 18, 26]
[4, 19, 28, 42, 46]
[9, 25, 29, 31, 36]
[14, 21, 22, 27, 33]
[1, 6, 24, 36, 46]
[22, 29, 31, 33, 44]
[7, 19, 24, 39, 41]
[11, 22, 29, 30, 50]
[26, 32, 38, 41, 42]
[19, 23, 39, 47, 48]
[4, 15, 27, 39, 50]
[12, 18, 36, 39, 49]
[2, 17, 36, 38, 41]
[7, 12, 17, 19, 43]
[6, 22, 32, 38, 45]
[7, 17, 30, 32, 39]
[13, 22, 25, 27, 35]
[16, 17, 31, 32, 39]
[15, 17, 18, 28, 29]
[19, 42, 43, 47, 50]
[7, 8, 27, 37, 46]
[17, 18, 24, 39, 46]
[0, 1, 11, 38, 47]
[3, 11, 12, 31, 42]
[5, 9, 10, 15, 16]
[14, 31, 33, 36, 37]
[13, 15, 17, 19, 28]
[3, 6, 35, 38, 39]
[31, 34, 37, 38, 40]
[9, 12, 14, 20, 27]
[10, 12, 23, 26, 37]
[15, 36, 37, 39, 46]
[0, 21, 35, 36, 38]
[4, 26, 35, 39, 49]
[3, 4, 12, 16, 25]
[8, 13, 18, 24, 45]
[1, 4, 29, 35, 50]
[2, 8, 33, 34, 48]
[4, 11, 20, 25, 43]
[13, 29, 32, 37, 46]
[2, 28, 31, 40, 46]
[5, 23, 31, 40, 49]
[0, 12, 15, 32, 37]
[7, 19, 22, 41, 49]
[5, 28, 34, 35, 39]
[14, 16, 26, 33, 36]
[4, 28, 37, 43, 45]
[4, 16, 19, 21, 22]
[5, 10, 17, 19, 29]
[7, 9, 11, 22, 27]
[8, 19, 32, 38, 42]
[1, 13, 16, 38, 41]
[0, 15, 23, 45, 46]
[0, 4, 5, 8, 10]
[7, 10, 20, 32, 36]
[13, 25, 36, 45, 49]
[40, 42, 45, 47, 50]
[1, 8, 10, 21, 23]
[15, 16, 17, 36, 40]
[10, 28, 33, 34, 49]
[1, 4, 17, 47, 50]
[6, 8, 12, 13, 33]
[26, 29, 33, 37, 43]
[1, 15, 21, 36, 46]
[6, 19, 29, 35, 50]
[1, 11, 16, 31, 37]
[6, 19, 20, 21, 37]
[0, 22, 34, 40, 42]
[10, 15, 23, 26, 42]
[1, 19, 39, 47, 48]
[10, 13, 22, 23, 37]
[8, 14, 31, 40, 43]
[0, 2, 6, 27, 39]
[10, 14, 20, 22, 25]
[1, 7, 35, 36, 41]
[12, 27, 42, 45, 49]
[6, 11, 21, 26, 44]
[7, 11, 12, 24, 28]
[1, 20, 33, 38, 45]
[3, 26, 34, 41, 42]
[9, 11, 31, 36, 43]
[0, 4, 15, 26, 30]
[3, 4, 37, 43, 46]
[21, 35, 37, 43, 50]
[0, 7, 8, 13, 20]
[11, 17, 40, 44, 50]
[2, 23, 26, 36, 45]
[1, 18, 20, 42, 43]
[0, 5, 10, 18, 48]
[0, 1, 25, 36, 46]
[7, 29, 31, 34, 44]
[2, 9, 34, 45, 46]
[19, 20, 23, 35, 41]
[5, 19, 30, 44, 46]
[17, 20, 32, 48, 49]
[10, 20, 23, 26, 29]
[5, 29, 45, 46, 47]
[17, 26, 28, 30, 33]
[14, 16, 29, 35, 42]
[9, 19, 23, 36, 46]
[5, 6, 12, 34, 36]
[3, 9, 17, 18, 19]
[0, 9, 24, 29, 47]
[1, 11, 20, 44, 46]
[5, 18, 30, 39, 49]
[14, 15, 40, 48, 50]
[11, 13, 28, 29, 39]
[17, 21, 30, 35, 41]
[3, 13, 25, 31, 34]
[5, 10, 20, 38, 49]
[8, 26, 33, 41, 50]
[11, 25, 29, 30, 31]
[7, 37, 38, 39, 50]
[15, 23, 29, 41, 47]
[17, 22, 23, 25, 38]
[13, 15, 23, 40, 45]
[12, 16, 25, 26, 30]
[4, 5, 16, 22, 23]
[5, 19, 20, 28, 43]
[12, 18, 39, 41, 47]
[10, 18, 24, 25, 32]
[2, 6, 23, 26, 41]
[26, 34, 35, 37, 43]
[6, 11, 34, 35, 36]
[1, 3, 9, 26, 31]
[24, 41, 46, 49, 50]
[0, 14, 20, 25, 29]
[4, 10, 25, 30, 48]
[20, 36, 38, 43, 46]
[31, 33, 45, 49, 50]
[12, 23, 27, 38, 49]
[27, 37, 38, 39, 42]
[7, 16, 17, 29, 36]
[10, 14, 21, 32, 47]
[4, 13, 32, 37, 39]
[5, 7, 12, 38, 50]
[4, 18, 22, 47, 50]
[1, 8, 25, 30, 36]
[6, 8, 21, 24, 50]
[5, 12, 26, 27, 34]
[15, 26, 30, 33, 49]
[13, 27, 34, 46, 47]
[7, 12, 40, 41, 43]
[27, 31, 44, 48, 50]
[3, 5, 17, 33, 35]
[2, 15, 18, 35, 41]
[5, 8, 14, 19, 50]
[0, 4, 22, 23, 50]
[19, 28, 43, 48, 50]
[5, 14, 23, 27, 49]
[1, 3, 18, 20, 38]
[3, 12, 23, 33, 48]
[10, 26, 27, 37, 41]
[6, 7, 22, 35, 46]
[0, 11, 34, 39, 47]
[4, 20, 30, 36, 49]
[11, 16, 18, 25, 35]
[9, 12, 20, 40, 48]
[0, 3, 17, 36, 37]
[9, 29, 31, 40, 41]
[3, 4, 11, 34, 47]
[1, 13, 14, 27, 38]
