[4, 7, 22, 28, 50]
[5, 13, 38, 49, 50]
[16, 17, 44, 49, 50]
[2, 5, 27, 42, 50]
[10, 17, 24, 46, 50]
[16, 24, 28, 40, 50]
[4, 12, 27, 37, 50]
[7, 15, 32, 41, 50]
[1, 5, 24, 29, 50]
[2, 27, 37, 49, 50]
[0, 26, 42, 47, 50]
[26, 29, 30, 48, 50]
[0, 15, 26, 47, 50]
[18, 28, 37, 46, 50]
[1, 24, 28, 48, 50]
[5, 14, 24, 49, 50]
[20, 27, 36, 40, 50]
[10, 18, 38, 40, 50]
[3, 5, 10, 21, 50]
[8, 26, 31, 35, 50]
[10, 15, 20, 31, 50]
[7, 10, 36, 40, 50]
[2, 27, 29, 44, 50]
[12, 19, 23, 45, 50]
[10, 11, 26, 35, 50]
[2, 19, 23, 46, 50]
[24, 28, 43, 46, 50]
[2, 3, 18, 19, 50]
[0, 1, 6, 38, 50]
[11, 15, 22, 26, 50]
[7, 16, 23, 26, 50]
[12, 21, 26, 30, 50]
[1, 14, 22, 28, 50]
[4, 7, 35, 48, 50]
[1, 2, 36, 49, 50]
[2, 10, 26, 41, 50]
[7, 16, 24, 49, 50]
[8, 9, 12, 45, 50]
[3, 14, 16, 29, 50]
[0, 28, 33, 43, 50]
[14, 22, 39, 48, 50]
[24, 25, 27, 31, 50]
[1, 4, 8, 33, 50]
[4, 15, 25, 28, 50]
[17, 21, 27, 36, 50]
[0, 8, 46, 47, 50]
[0, 13, 26, 38, 50]
[15, 41, 45, 48, 50]
[27, 34, 38, 48, 50]
[22, 26, 27, 43, 50]
[10, 15, 44, 49, 50]
[18, 27, 43, 46, 50]
[4, 22, 31, 39, 50]
[22, 24, 26, 32, 50]
[0, 15, 20, 24, 50]
[4, 20, 25, 49, 50]
[10, 14, 18, 30, 50]
[1, 20, 23, 47, 50]
[14, 19, 31, 43, 50]
[14, 16, 30, 32, 50]
[20, 26, 35, 47, 50]
[12, 18, 25, 45, 50]
[7, 21, 24, 35, 50]
[16, 18, 29, 38, 50]
[12, 19, 33, 34, 50]
[22, 26, 31, 40, 50]
[8, 11, 14, 34, 50]
[24, 39, 42, 47, 50]
[22, 25, 34, 36, 50]
[14, 15, 27, 37, 50]
[2, 14, 16, 38, 50]
[5, 8, 35, 38, 50]
[9, 10, 11, 17, 50]
[11, 17, 22, 45, 50]
[0, 1, 6, 19, 50]
[12, 36, 44, 47, 50]
[20, 22, 32, 46, 50]
[15, 25, 32, 34, 50]
[1, 5, 19, 20, 50]
[2, 15, 22, 43, 50]
[3, 13, 32, 48, 50]
[12, 29, 33, 43, 50]
[11, 16, 31, 33, 50]
[7, 9, 17, 19, 50]
[11, 12, 26, 35, 50]
[6, 13, 29, 33, 50]
[18, 22, 36, 38, 50]
[20, 26, 30, 48, 50]
[23, 30, 39, 44, 50]
[7, 15, 23, 42, 50]
[3, 14, 26, 30, 50]
[7, 19, 22, 39, 50]
[0, 12, 25, 32, 50]
[1, 4, 43, 46, 50]
[0, 2, 10, 20, 50]
[11, 26, 28, 47, 50]
[5, 6, 33, 43, 50]
[17, 18, 22, 48, 50]
[2, 7, 23, 40, 50]
[7, 13, 18, 25, 50]
[8, 13, 20, 35, 50]
[12, 16, 17, 21, 50]
[8, 21, 30, 44, 50]
[11, 19, 38, 47, 50]
[16, 20, 31, 39, 50]
[22, 24, 29, 39, 50]
[5, 11, 18, 45, 50]
[17, 24, 45, 47, 50]
[6, 15, 31, 35, 50]
[16, 27, 40, 46, 50]
[17, 27, 29, 40, 50]
[19, 35, 37, 46, 50]
[11, 15, 25, 45, 50]
[17, 22, 37, 47, 50]
[5, 13, 22, 37, 50]
[2, 15, 23, 46, 50]
[5, 8, 10, 11, 50]
[5, 16, 36, 42, 50]
[4, 5, 11, 45, 50]
[1, 15, 27, 37, 50]
[3, 17, 19, 30, 50]
[0, 15, 22, 45, 50]
[0, 2, 4, 39, 50]
[0, 13, 31, 37, 50]
[11, 21, 30, 47, 50]
[8, 16, 17, 37, 50]
[1, 37, 40, 47, 50]
[5, 25, 30, 46, 50]
[1, 15, 23, 39, 50]
[14, 15, 34, 39, 50]
[3, 9, 22, 47, 50]
[0, 28, 45, 46, 50]
[4, 15, 31, 46, 50]
[5, 19, 36, 41, 50]
[7, 8, 23, 31, 50]
[3, 12, 22, 47, 50]
[4, 22, 31, 36, 50]
[1, 32, 38, 45, 50]
[7, 35, 38, 40, 50]
[25, 30, 34, 49, 50]
[21, 32, 34, 44, 50]
[11, 23, 32, 44, 50]
[9, 21, 28, 30, 50]
[3, 6, 24, 41, 50]
[0, 15, 19, 32, 50]
[0, 2, 4, 15, 50]
[16, 21, 25, 30, 50]
[11, 12, 18, 24, 50]
[4, 13, 15, 18, 50]
[0, 13, 17, 35, 50]
[1, 12, 41, 42, 50]
[3, 45, 47, 48, 50]
[0, 27, 35, 38, 50]
[2, 33, 38, 40, 50]
[5, 6, 9, 33, 50]
[15, 16, 22, 23, 50]
[13, 30, 38, 39, 50]
[5, 20, 24, 30, 50]
[1, 7, 10, 26, 50]
[7, 8, 9, 15, 50]
[2, 23, 28, 48, 50]
[0, 9, 31, 34, 50]
[11, 12, 22, 23, 50]
[3, 6, 24, 48, 50]
[5, 37, 45, 46, 50]
[5, 20, 23, 40, 50]
[22, 28, 39, 42, 50]
[15, 22, 23, 44, 50]
[4, 13, 25, 47, 50]
[11, 12, 15, 37, 50]
[10, 19, 39, 44, 50]
[1, 12, 35, 47, 50]
[9, 27, 30, 34, 50]
[1, 16, 18, 22, 50]
[5, 12, 14, 25, 50]
[11, 14, 33, 49, 50]
[1, 18, 19, 41, 50]
[1, 21, 24, 28, 50]
[6, 11, 20, 44, 50]
[10, 13, 39, 41, 50]
[3, 12, 18, 30, 50]
[10, 27, 45, 49, 50]
[3, 24, 31, 41, 50]
[9, 18, 29, 42, 50]
[1, 18, 20, 39, 50]
[5, 18, 22, 26, 50]
[23, 37, 40, 49, 50]
[17, 20, 28, 32, 50]
[4, 22, 38, 45, 50]
[11, 17, 22, 47, 50]
[7, 27, 29, 34, 50]
[7, 11, 36, 38, 50]
[5, 7, 32, 33, 50]
[11, 26, 34, 36, 50]
[8, 20, 36, 38, 50]
[2, 30, 42, 49, 50]
[3, 5, 45, 48, 50]
[14, 18, 27, 35, 50]
[5, 10, 20, 47, 50]
[5, 15, 24, 32, 50]
[7, 17, 31, 35, 50]
[1, 9, 24, 39, 50]
[5, 24, 30, 46, 50]
[19, 24, 33, 43, 50]
[7, 11, 30, 42, 50]
[8, 14, 20, 25, 50]
[5, 17, 22, 29, 50]
[12, 15, 27, 43, 50]
[9, 10, 34, 37, 50]
[6, 11, 14, 15, 50]
[8, 24, 26, 45, 50]
[3, 7, 11, 39, 50]
[16, 31, 40, 42, 50]
[17, 28, 37, 39, 50]
[5, 9, 11, 31, 50]
[14, 18, 31, 47, 50]
[8, 14, 28, 44, 50]
[3, 26, 27, 35, 50]
[22, 28, 29, 42, 50]
[3, 5, 28, 45, 50]
[22, 23, 34, 38, 50]
[2, 20, 21, 32, 50]
[8, 28, 37, 49, 50]
[5, 9, 13, 37, 50]
[6, 18, 31, 43, 50]
[15, 18, 32, 47, 50]
[13, 15, 18, 35, 50]
[0, 15, 16, 31, 50]
[4, 11, 31, 38, 50]
[37, 38, 39, 41, 50]
[3, 13, 27, 45, 50]
[12, 21, 39, 40, 50]
[2, 3, 11, 48, 50]
[24, 28, 34, 37, 50]
[2, 18, 24, 49, 50]
[3, 9, 25, 32, 50]
[31, 40, 41, 44, 50]
[9, 19, 27, 46, 50]
[28, 30, 41, 47, 50]
[8, 16, 17, 20, 50]
[2, 5, 27, 49, 50]
[11, 20, 23, 25, 50]
[4, 28, 36, 37, 50]
[13, 34, 43, 48, 50]
[15, 26, 29, 40, 50]
[1, 14, 27, 45, 50]
[1, 8, 13, 26, 50]
[4, 6, 21, 28, 50]
[25, 29, 32, 41, 50]
[13, 17, 26, 34, 50]
