[3, 4, 5, 6, 7, 8, 9, 10, 11, 12, 13, 14, 15, 16, 17]
[128, 129, 130, 131, 132, 133, 134, 135, 136, 137, 138, 139, 140, 141, 142, 143]
[129, 130, 131, 132, 133, 134, 135, 136, 137, 138, 139, 140, 141, 142, 143]
[85, 86, 87, 88, 89, 90, 91, 92, 93, 94, 95]
[51, 52, 53, 54, 55, 56, 57, 58, 59, 60, 61, 62, 63, 64, 65, 66]
[105, 106, 107, 108, 109, 110, 111, 112, 113, 114, 115, 116, 117, 118]
[2, 3, 4, 5, 6, 7, 8, 9, 10, 11, 12, 13, 14, 15, 16]
[97, 98, 99, 100, 101, 102, 103, 104, 105, 106, 107, 108, 109, 110, 111, 112]
[86, 87, 88, 89, 90, 91, 92, 93, 94, 95, 96]
[31, 32, 33, 34, 35, 36, 37, 38, 39, 40, 41, 42, 43, 44, 45, 46]
[26, 27, 28, 29, 30, 31, 32, 33, 34, 35, 36, 37, 38]
[8, 9, 10, 11, 12, 13, 14, 15, 16, 17, 18, 19, 20, 21, 22, 23]
[35, 36, 37, 38, 39, 40, 41, 42, 43, 44, 45, 46]
[88, 89, 90, 91, 92, 93, 94, 95, 96, 97, 98, 99, 100, 101, 102]
[45, 46, 47, 48, 49, 50, 51, 52, 53, 54, 55, 56, 57, 58, 59, 60]
[105, 106, 107, 108, 109, 110, 111, 112, 113, 114, 115, 116, 117, 118]
[31, 32, 33, 34, 35, 36, 37, 38, 39, 40, 41]
[86, 87, 88, 89, 90, 91, 92, 93, 94, 95, 96]
[101, 102, 103, 104, 105, 106, 107, 108, 109, 110, 111, 112, 113, 114, 115]
[13, 14, 15, 16, 17, 18, 19, 20, 21, 22, 23, 24, 25, 26, 27, 28]
[8, 9, 10, 11, 12, 13, 14, 15, 16, 17, 18, 19, 20, 21, 22, 23]
[23, 24, 25, 26, 27, 28, 29, 30, 31, 32, 33, 34, 35, 36]
[127, 128, 129, 130, 131, 132, 133, 134, 135, 136, 137]
[68, 69, 70, 71, 72, 73, 74, 75, 76, 77, 78, 79, 80, 81, 82]
[54, 55, 56, 57, 58, 59, 60, 61, 62, 63, 64, 65, 66, 67]
[131, 132, 133, 134, 135, 136, 137, 138, 139, 140, 141, 142, 143, 144, 145]
[119, 120, 121, 122, 123, 124, 125, 126, 127, 128, 129, 130, 131, 132, 133, 134]
[42, 43, 44, 45, 46, 47, 48, 49, 50, 51, 52]
[124, 125, 126, 127, 128, 129, 130, 131, 132, 133, 134]
[39, 40, 41, 42, 43, 44, 45, 46, 47, 48, 49, 50, 51, 52]
[127, 128, 129, 130, 131, 132, 133, 134, 135, 136, 137, 138, 139, 140, 141, 142]
[36, 37, 38, 39, 40, 41, 42, 43, 44, 45, 46]
[12, 13, 14, 15, 16, 17, 18, 19, 20, 21, 22, 23, 24, 25, 26, 27]
[19, 20, 21, 22, 23, 24, 25, 26, 27, 28, 29]
[24, 25, 26, 27, 28, 29, 30, 31, 32, 33, 34]
[76, 77, 78, 79, 80, 81, 82, 83, 84, 85, 86]
[74, 75, 76, 77, 78, 79, 80, 81, 82, 83, 84, 85]
[12, 13, 14, 15, 16, 17, 18, 19, 20, 21, 22, 23, 24, 25]
[18, 19, 20, 21, 22, 23, 24, 25, 26, 27, 28, 29, 30]
[131, 132, 133, 134, 135, 136, 137, 138, 139, 140, 141, 142, 143, 144, 145, 146]
[71, 72, 73, 74, 75, 76, 77, 78, 79, 80, 81, 82, 83, 84]
[65, 66, 67, 68, 69, 70, 71, 72, 73, 74, 75, 76, 77]
[106, 107, 108, 109, 110, 111, 112, 113, 114, 115, 116, 117, 118, 119, 120]
[48, 49, 50, 51, 52, 53, 54, 55, 56, 57, 58, 59, 60]
[112, 113, 114, 115, 116, 117, 118, 119, 120, 121, 122]
[33, 34, 35, 36, 37, 38, 39, 40, 41, 42, 43]
[63, 64, 65, 66, 67, 68, 69, 70, 71, 72, 73, 74, 75]
[134, 135, 136, 137, 138, 139, 140, 141, 142, 143, 144, 145, 146, 147, 148, 149]
[131, 132, 133, 134, 135, 136, 137, 138, 139, 140, 141]
[23, 24, 25, 26, 27, 28, 29, 30, 31, 32, 33, 34, 35, 36, 37, 38]
[10, 11, 12, 13, 14, 15, 16, 17, 18, 19, 20, 21, 22, 23]
[126, 127, 128, 129, 130, 131, 132, 133, 134, 135, 136, 137]
[129, 130, 131, 132, 133, 134, 135, 136, 137, 138, 139, 140, 141, 142]
[6, 7, 8, 9, 10, 11, 12, 13, 14, 15, 16, 17, 18, 19, 20]
[110, 111, 112, 113, 114, 115, 116, 117, 118, 119, 120, 121]
[46, 47, 48, 49, 50, 51, 52, 53, 54, 55, 56, 57]
[20, 21, 22, 23, 24, 25, 26, 27, 28, 29, 30, 31, 32, 33]
[129, 130, 131, 132, 133, 134, 135, 136, 137, 138, 139, 140]
[51, 52, 53, 54, 55, 56, 57, 58, 59, 60, 61]
[72, 73, 74, 75, 76, 77, 78, 79, 80, 81, 82, 83, 84]
[27, 28, 29, 30, 31, 32, 33, 34, 35, 36, 37, 38, 39, 40, 41]
[64, 65, 66, 67, 68, 69, 70, 71, 72, 73, 74, 75, 76, 77, 78]
[96, 97, 98, 99, 100, 101, 102, 103, 104, 105, 106, 107, 108, 109]
[103, 104, 105, 106, 107, 108, 109, 110, 111, 112, 113, 114, 115, 116, 117]
[5, 6, 7, 8, 9, 10, 11, 12, 13, 14, 15, 16, 17, 18, 19, 20]
[48, 49, 50, 51, 52, 53, 54, 55, 56, 57, 58, 59, 60, 61, 62, 63]
[94, 95, 96, 97, 98, 99, 100, 101, 102, 103, 104, 105, 106]
[66, 67, 68, 69, 70, 71, 72, 73, 74, 75, 76]
[7, 8, 9, 10, 11, 12, 13, 14, 15, 16, 17, 18]
[134, 135, 136, 137, 138, 139, 140, 141, 142, 143, 144, 145]
[50, 51, 52, 53, 54, 55, 56, 57, 58, 59, 60, 61, 62, 63]
[90, 91, 92, 93, 94, 95, 96, 97, 98, 99, 100, 101, 102]
[113, 114, 115, 116, 117, 118, 119, 120, 121, 122, 123, 124, 125, 126]
[46, 47, 48, 49, 50, 51, 52, 53, 54, 55, 56, 57, 58, 59, 60, 61]
[73, 74, 75, 76, 77, 78, 79, 80, 81, 82, 83, 84, 85]
[12, 13, 14, 15, 16, 17, 18, 19, 20, 21, 22, 23, 24, 25, 26]
[81, 82, 83, 84, 85, 86, 87, 88, 89, 90, 91, 92, 93, 94, 95]
[12, 13, 14, 15, 16, 17, 18, 19, 20, 21, 22, 23, 24]
[25, 26, 27, 28, 29, 30, 31, 32, 33, 34, 35, 36, 37, 38, 39, 40]
[5, 6, 7, 8, 9, 10, 11, 12, 13, 14, 15, 16, 17, 18, 19]
[121, 122, 123, 124, 125, 126, 127, 128, 129, 130, 131, 132, 133]
[123, 124, 125, 126, 127, 128, 129, 130, 131, 132, 133, 134, 135, 136, 137, 138]
[75, 76, 77, 78, 79, 80, 81, 82, 83, 84, 85]
[11, 12, 13, 14, 15, 16, 17, 18, 19, 20, 21, 22, 23]
[126, 127, 128, 129, 130, 131, 132, 133, 134, 135, 136, 137, 138, 139, 140, 141]
[1, 2, 3, 4, 5, 6, 7, 8, 9, 10, 11]
[74, 75, 76, 77, 78, 79, 80, 81, 82, 83, 84, 85, 86, 87, 88]
[45, 46, 47, 48, 49, 50, 51, 52, 53, 54, 55, 56, 57, 58, 59, 60]
[136, 137, 138, 139, 140, 141, 142, 143, 144, 145, 146, 147]
[51, 52, 53, 54, 55, 56, 57, 58, 59, 60, 61, 62]
[65, 66, 67, 68, 69, 70, 71, 72, 73, 74, 75, 76, 77, 78, 79, 80]
[10, 11, 12, 13, 14, 15, 16, 17, 18, 19, 20, 21, 22, 23, 24]
[79, 80, 81, 82, 83, 84, 85, 86, 87, 88, 89, 90, 91, 92]
[135, 136, 137, 138, 139, 140, 141, 142, 143, 144, 145, 146, 147]
[125, 126, 127, 128, 129, 130, 131, 132, 133, 134, 135, 136]
[134, 135, 136, 137, 138, 139, 140, 141, 142, 143, 144, 145, 146]
[65, 66, 67, 68, 69, 70, 71, 72, 73, 74, 75, 76, 77, 78, 79]
[101, 102, 103, 104, 105, 106, 107, 108, 109, 110, 111, 112, 113, 114, 115, 116]
[61, 62, 63, 64, 65, 66, 67, 68, 69, 70, 71, 72, 73, 74, 75]
[41, 42, 43, 44, 45, 46, 47, 48, 49, 50, 51, 52, 53, 54]
[125, 126, 127, 128, 129, 130, 131, 132, 133, 134, 135, 136, 137, 138, 139]
[22, 23, 24, 25, 26, 27, 28, 29, 30, 31, 32, 33, 34]
[105, 106, 107, 108, 109, 110, 111, 112, 113, 114, 115, 116, 117, 118]
[62, 63, 64, 65, 66, 67, 68, 69, 70, 71, 72, 73, 74, 75]
[107, 108, 109, 110, 111, 112, 113, 114, 115, 116, 117, 118]
[98, 99, 100, 101, 102, 103, 104, 105, 106, 107, 108, 109]
[52, 53, 54, 55, 56, 57, 58, 59, 60, 61, 62, 63]
[136, 137, 138, 139, 140, 141, 142, 143, 144, 145, 146, 147, 148, 149, 150]
[16, 17, 18, 19, 20, 21, 22, 23, 24, 25, 26, 27, 28]
[84, 85, 86, 87, 88, 89, 90, 91, 92, 93, 94, 95, 96, 97, 98]
[1, 2, 3, 4, 5, 6, 7, 8, 9, 10, 11]
[125, 126, 127, 128, 129, 130, 131, 132, 133, 134, 135, 136, 137, 138]
[116, 117, 118, 119, 120, 121, 122, 123, 124, 125, 126, 127, 128, 129, 130, 131]
[100, 101, 102, 103, 104, 105, 106, 107, 108, 109, 110, 111, 112]
[130, 131, 132, 133, 134, 135, 136, 137, 138, 139, 140]
[36, 37, 38, 39, 40, 41, 42, 43, 44, 45, 46, 47, 48, 49, 50]
[32, 33, 34, 35, 36, 37, 38, 39, 40, 41, 42, 43, 44, 45, 46, 47]
[9, 10, 11, 12, 13, 14, 15, 16, 17, 18, 19, 20, 21, 22]
[100, 101, 102, 103, 104, 105, 106, 107, 108, 109, 110, 111, 112]
[4, 5, 6, 7, 8, 9, 10, 11, 12, 13, 14, 15, 16]
[61, 62, 63, 64, 65, 66, 67, 68, 69, 70, 71, 72, 73, 74, 75, 76]
[98, 99, 100, 101, 102, 103, 104, 105, 106, 107, 108, 109, 110, 111, 112]
[35, 36, 37, 38, 39, 40, 41, 42, 43, 44, 45]
[98, 99, 100, 101, 102, 103, 104, 105, 106, 107, 108, 109, 110, 111]
[56, 57, 58, 59, 60, 61, 62, 63, 64, 65, 66, 67, 68, 69]
[122, 123, 124, 125, 126, 127, 128, 129, 130, 131, 132, 133, 134, 135]
[17, 18, 19, 20, 21, 22, 23, 24, 25, 26, 27, 28, 29, 30]
[37, 38, 39, 40, 41, 42, 43, 44, 45, 46, 47, 48]
[126, 127, 128, 129, 130, 131, 132, 133, 134, 135, 136]
[3, 4, 5, 6, 7, 8, 9, 10, 11, 12, 13, 14, 15]
[134, 135, 136, 137, 138, 139, 140, 141, 142, 143, 144, 145, 146, 147, 148, 149]
[36, 37, 38, 39, 40, 41, 42, 43, 44, 45, 46, 47]
[11, 12, 13, 14, 15, 16, 17, 18, 19, 20, 21]
[132, 133, 134, 135, 136, 137, 138, 139, 140, 141, 142, 143, 144, 145, 146, 147]
[25, 26, 27, 28, 29, 30, 31, 32, 33, 34, 35, 36, 37, 38]
[10, 11, 12, 13, 14, 15, 16, 17, 18, 19, 20, 21, 22, 23]
[46, 47, 48, 49, 50, 51, 52, 53, 54, 55, 56, 57, 58]
[78, 79, 80, 81, 82, 83, 84, 85, 86, 87, 88, 89, 90, 91]
[74, 75, 76, 77, 78, 79, 80, 81, 82, 83, 84, 85, 86, 87, 88, 89]
[135, 136, 137, 138, 139, 140, 141, 142, 143, 144, 145, 146, 147, 148]
[132, 133, 134, 135, 136, 137, 138, 139, 140, 141, 142, 143, 144, 145, 146, 147]
[101, 102, 103, 104, 105, 106, 107, 108, 109, 110, 111, 112, 113, 114, 115, 116]
[52, 53, 54, 55, 56, 57, 58, 59, 60, 61, 62, 63, 64, 65]
[104, 105, 106, 107, 108, 109, 110, 111, 112, 113, 114, 115]
[82, 83, 84, 85, 86, 87, 88, 89, 90, 91, 92, 93, 94, 95]
[107, 108, 109, 110, 111, 112, 113, 114, 115, 116, 117, 118, 119, 120, 121]
[89, 90, 91, 92, 93, 94, 95, 96, 97, 98, 99, 100]
[137, 138, 139, 140, 141, 142, 143, 144, 145, 146, 147, 148]
[73, 74, 75, 76, 77, 78, 79, 80, 81, 82, 83]
[113, 114, 115, 116, 117, 118, 119, 120, 121, 122, 123]
[117, 118, 119, 120, 121, 122, 123, 124, 125, 126, 127, 128]
[78, 79, 80, 81, 82, 83, 84, 85, 86, 87, 88, 89, 90, 91, 92]
[103, 104, 105, 106, 107, 108, 109, 110, 111, 112, 113, 114, 115, 116]
[19, 20, 21, 22, 23, 24, 25, 26, 27, 28, 29, 30]
[105, 106, 107, 108, 109, 110, 111, 112, 113, 114, 115, 116, 117]
[74, 75, 76, 77, 78, 79, 80, 81, 82, 83, 84, 85, 86]
[76, 77, 78, 79, 80, 81, 82, 83, 84, 85, 86, 87, 88]
[116, 117, 118, 119, 120, 121, 122, 123, 124, 125, 126, 127, 128, 129, 130]
[57, 58, 59, 60, 61, 62, 63, 64, 65, 66, 67, 68, 69, 70, 71]
[2, 3, 4, 5, 6, 7, 8, 9, 10, 11, 12, 13]
[24, 25, 26, 27, 28, 29, 30, 31, 32, 33, 34]
[70, 71, 72, 73, 74, 75, 76, 77, 78, 79, 80]
[86, 87, 88, 89, 90, 91, 92, 93, 94, 95, 96, 97, 98, 99, 100, 101]
[27, 28, 29, 30, 31, 32, 33, 34, 35, 36, 37, 38, 39]
[55, 56, 57, 58, 59, 60, 61, 62, 63, 64, 65, 66, 67, 68, 69, 70]
[128, 129, 130, 131, 132, 133, 134, 135, 136, 137, 138, 139]
[125, 126, 127, 128, 129, 130, 131, 132, 133, 134, 135, 136, 137, 138, 139, 140]
[132, 133, 134, 135, 136, 137, 138, 139, 140, 141, 142, 143, 144, 145, 146, 147]
[110, 111, 112, 113, 114, 115, 116, 117, 118, 119, 120, 121, 122, 123, 124]
[87, 88, 89, 90, 91, 92, 93, 94, 95, 96, 97]
[108, 109, 110, 111, 112, 113, 114, 115, 116, 117, 118, 119, 120, 121, 122, 123]
[56, 57, 58, 59, 60, 61, 62, 63, 64, 65, 66, 67]
[49, 50, 51, 52, 53, 54, 55, 56, 57, 58, 59]
[12, 13, 14, 15, 16, 17, 18, 19, 20, 21, 22, 23, 24, 25, 26, 27]
[1, 2, 3, 4, 5, 6, 7, 8, 9, 10, 11, 12, 13, 14, 15, 16]
[85, 86, 87, 88, 89, 90, 91, 92, 93, 94, 95, 96]
[72, 73, 74, 75, 76, 77, 78, 79, 80, 81, 82, 83, 84, 85, 86]
[54, 55, 56, 57, 58, 59, 60, 61, 62, 63, 64, 65, 66, 67]
[41, 42, 43, 44, 45, 46, 47, 48, 49, 50, 51, 52, 53, 54]
[24, 25, 26, 27, 28, 29, 30, 31, 32, 33, 34, 35, 36, 37, 38]
[21, 22, 23, 24, 25, 26, 27, 28, 29, 30, 31, 32, 33, 34]
[68, 69, 70, 71, 72, 73, 74, 75, 76, 77, 78, 79]
[41, 42, 43, 44, 45, 46, 47, 48, 49, 50, 51, 52, 53, 54, 55]
[135, 136, 137, 138, 139, 140, 141, 142, 143, 144, 145, 146, 147, 148]
[108, 109, 110, 111, 112, 113, 114, 115, 116, 117, 118, 119, 120, 121]
[100, 101, 102, 103, 104, 105, 106, 107, 108, 109, 110, 111, 112, 113]
[7, 8, 9, 10, 11, 12, 13, 14, 15, 16, 17, 18, 19, 20, 21]
[9, 10, 11, 12, 13, 14, 15, 16, 17, 18, 19, 20, 21, 22]
[66, 67, 68, 69, 70, 71, 72, 73, 74, 75, 76, 77, 78, 79, 80]
[59, 60, 61, 62, 63, 64, 65, 66, 67, 68, 69, 70]
[49, 50, 51, 52, 53, 54, 55, 56, 57, 58, 59, 60, 61, 62]
[20, 21, 22, 23, 24, 25, 26, 27, 28, 29, 30]
[109, 110, 111, 112, 113, 114, 115, 116, 117, 118, 119]
[60, 61, 62, 63, 64, 65, 66, 67, 68, 69, 70, 71]
[92, 93, 94, 95, 96, 97, 98, 99, 100, 101, 102]
[53, 54, 55, 56, 57, 58, 59, 60, 61, 62, 63, 64, 65, 66, 67]
[126, 127, 128, 129, 130, 131, 132, 133, 134, 135, 136, 137, 138, 139]
[129, 130, 131, 132, 133, 134, 135, 136, 137, 138, 139, 140, 141, 142, 143, 144]
[43, 44, 45, 46, 47, 48, 49, 50, 51, 52, 53, 54]
[22, 23, 24, 25, 26, 27, 28, 29, 30, 31, 32]
[129, 130, 131, 132, 133, 134, 135, 136, 137, 138, 139]
[44, 45, 46, 47, 48, 49, 50, 51, 52, 53, 54, 55, 56, 57]
[81, 82, 83, 84, 85, 86, 87, 88, 89, 90, 91, 92, 93, 94]
[14, 15, 16, 17, 18, 19, 20, 21, 22, 23, 24, 25, 26]
[135, 136, 137, 138, 139, 140, 141, 142, 143, 144, 145, 146, 147, 148, 149]
[98, 99, 100, 101, 102, 103, 104, 105, 106, 107, 108, 109, 110, 111, 112]
[47, 48, 49, 50, 51, 52, 53, 54, 55, 56, 57, 58, 59, 60, 61]
[117, 118, 119, 120, 121, 122, 123, 124, 125, 126, 127, 128, 129]
[11, 12, 13, 14, 15, 16, 17, 18, 19, 20, 21, 22, 23, 24]
[80, 81, 82, 83, 84, 85, 86, 87, 88, 89, 90, 91, 92, 93]
[130, 131, 132, 133, 134, 135, 136, 137, 138, 139, 140, 141]
[92, 93, 94, 95, 96, 97, 98, 99, 100, 101, 102, 103]
[16, 17, 18, 19, 20, 21, 22, 23, 24, 25, 26, 27, 28]
[54, 55, 56, 57, 58, 59, 60, 61, 62, 63, 64]
[30, 31, 32, 33, 34, 35, 36, 37, 38, 39, 40, 41]
[11, 12, 13, 14, 15, 16, 17, 18, 19, 20, 21, 22]
[39, 40, 41, 42, 43, 44, 45, 46, 47, 48, 49, 50]
[30, 31, 32, 33, 34, 35, 36, 37, 38, 39, 40, 41, 42, 43]
[131, 132, 133, 134, 135, 136, 137, 138, 139, 140, 141, 142, 143]
[34, 35, 36, 37, 38, 39, 40, 41, 42, 43, 44, 45, 46, 47]
[121, 122, 123, 124, 125, 126, 127, 128, 129, 130, 131, 132]
[114, 115, 116, 117, 118, 119, 120, 121, 122, 123, 124, 125, 126, 127, 128, 129]
[14, 15, 16, 17, 18, 19, 20, 21, 22, 23, 24, 25]
[104, 105, 106, 107, 108, 109, 110, 111, 112, 113, 114, 115, 116, 117, 118]
[118, 119, 120, 121, 122, 123, 124, 125, 126, 127, 128, 129, 130, 131]
[44, 45, 46, 47, 48, 49, 50, 51, 52, 53, 54, 55, 56, 57, 58]
[54, 55, 56, 57, 58, 59, 60, 61, 62, 63, 64, 65, 66]
[23, 24, 25, 26, 27, 28, 29, 30, 31, 32, 33]
[117, 118, 119, 120, 121, 122, 123, 124, 125, 126, 127, 128, 129, 130, 131]
[64, 65, 66, 67, 68, 69, 70, 71, 72, 73, 74, 75, 76, 77]
[60, 61, 62, 63, 64, 65, 66, 67, 68, 69, 70, 71]
[21, 22, 23, 24, 25, 26, 27, 28, 29, 30, 31, 32, 33, 34]
[29, 30, 31, 32, 33, 34, 35, 36, 37, 38, 39, 40, 41, 42, 43]
[76, 77, 78, 79, 80, 81, 82, 83, 84, 85, 86, 87, 88, 89, 90]
[72, 73, 74, 75, 76, 77, 78, 79, 80, 81, 82, 83, 84]
[102, 103, 104, 105, 106, 107, 108, 109, 110, 111, 112, 113, 114]
[95, 96, 97, 98, 99, 100, 101, 102, 103, 104, 105, 106, 107, 108]
[15, 16, 17, 18, 19, 20, 21, 22, 23, 24, 25, 26, 27]
[94, 95, 96, 97, 98, 99, 100, 101, 102, 103, 104, 105, 106]
[134, 135, 136, 137, 138, 139, 140, 141, 142, 143, 144, 145, 146, 147, 148]
[97, 98, 99, 100, 101, 102, 103, 104, 105, 106, 107, 108, 109, 110]
[58, 59, 60, 61, 62, 63, 64, 65, 66, 67, 68]
[12, 13, 14, 15, 16, 17, 18, 19, 20, 21, 22, 23, 24, 25]
[86, 87, 88, 89, 90, 91, 92, 93, 94, 95, 96, 97, 98, 99, 100]
[27, 28, 29, 30, 31, 32, 33, 34, 35, 36, 37, 38]
[21, 22, 23, 24, 25, 26, 27, 28, 29, 30, 31, 32, 33, 34, 35]
[76, 77, 78, 79, 80, 81, 82, 83, 84, 85, 86, 87, 88, 89, 90]
[110, 111, 112, 113, 114, 115, 116, 117, 118, 119, 120, 121, 122, 123]
[24, 25, 26, 27, 28, 29, 30, 31, 32, 33, 34]
[134, 135, 136, 137, 138, 139, 140, 141, 142, 143, 144]
