[33, 36, 54, 59, 72, 108, 139, 149]
[5, 71, 73, 79, 99, 104, 123, 128]
[6, 10, 27, 57, 70, 92, 103, 136]
[47, 53, 66, 67, 76, 98, 147, 148]
[35, 48, 68, 75, 81, 87, 93, 135]
[10, 44, 63, 69, 88, 95, 106, 132]
[55, 69, 73, 74, 105, 109, 144, 149]
[13, 30, 95, 112, 122, 129, 134, 138]
[14, 16, 22, 40, 66, 114, 129, 142]
[19, 29, 62, 74, 90, 94, 116, 144]
[5, 15, 34, 44, 49, 63, 76, 78]
[28, 34, 53, 66, 74, 97, 99, 131]
[8, 26, 38, 60, 67, 84, 126, 139]
[6, 25, 29, 39, 58, 60, 97, 98]
[0, 19, 24, 40, 60, 61, 77, 84]
[25, 101, 109, 118, 123, 138, 141, 143]
[0, 9, 23, 39, 66, 93, 96, 147]
[5, 7, 57, 61, 70, 73, 143, 146]
[1, 7, 10, 13, 57, 95, 123, 150]
[19, 58, 77, 93, 95, 118, 134, 138]
[19, 30, 53, 90, 121, 122, 124, 138]
[4, 36, 57, 58, 63, 84, 95, 149]
[13, 19, 28, 46, 67, 97, 137, 141]
[6, 7, 14, 32, 77, 100, 130, 131]
[23, 32, 45, 48, 63, 89, 132, 150]
[0, 32, 62, 104, 112, 123, 131, 138]
[16, 29, 34, 66, 104, 108, 123, 142]
[17, 46, 47, 79, 81, 86, 90, 141]
[19, 27, 30, 44, 60, 96, 122, 137]
[9, 18, 27, 63, 68, 80, 116, 146]
[19, 28, 70, 94, 109, 135, 147, 150]
[42, 49, 64, 70, 75, 80, 96, 120]
[0, 17, 69, 73, 87, 114, 128, 146]
[6, 59, 68, 71, 78, 107, 121, 124]
[51, 54, 78, 83, 86, 88, 89, 118]
[0, 2, 14, 80, 97, 107, 144, 147]
[26, 27, 49, 52, 78, 90, 109, 145]
[7, 11, 44, 51, 54, 67, 132, 144]
[13, 47, 89, 92, 110, 131, 144, 148]
[22, 28, 40, 95, 106, 128, 136, 147]
[11, 25, 75, 94, 113, 124, 130, 145]
[22, 42, 53, 77, 80, 92, 113, 119]
[0, 19, 20, 24, 44, 52, 85, 132]
[25, 29, 32, 64, 75, 145, 147, 148]
[8, 23, 67, 108, 129, 131, 138, 150]
[11, 34, 52, 61, 96, 97, 116, 140]
[31, 60, 72, 91, 95, 102, 124, 148]
[18, 72, 77, 85, 110, 124, 144, 147]
[21, 39, 76, 80, 114, 117, 118, 131]
[38, 47, 116, 119, 125, 128, 142, 150]
[4, 16, 17, 36, 55, 60, 69, 125]
[2, 3, 5, 6, 21, 98, 122, 138]
[2, 8, 23, 56, 94, 107, 123, 145]
[11, 15, 22, 23, 121, 124, 130, 150]
[10, 13, 36, 44, 65, 68, 79, 109]
[23, 35, 58, 64, 93, 113, 117, 138]
[10, 26, 58, 67, 74, 93, 102, 143]
[17, 83, 88, 92, 97, 115, 142, 147]
[8, 57, 59, 79, 83, 113, 119, 149]
[16, 25, 41, 43, 51, 82, 122, 140]
[42, 45, 63, 80, 87, 113, 141, 145]
[1, 7, 14, 41, 53, 54, 67, 113]
[0, 3, 20, 21, 30, 44, 80, 112]
[7, 29, 50, 58, 100, 103, 129, 140]
[16, 22, 28, 61, 90, 106, 110, 127]
[9, 40, 74, 102, 123, 126, 133, 139]
[5, 22, 36, 51, 88, 108, 116, 140]
[6, 20, 22, 38, 45, 53, 123, 145]
[20, 31, 36, 49, 102, 132, 141, 142]
[60, 92, 120, 121, 133, 142, 143, 149]
[27, 30, 31, 42, 72, 79, 84, 106]
[18, 44, 58, 60, 64, 85, 122, 146]
[27, 32, 62, 75, 103, 104, 119, 148]
[35, 62, 84, 87, 88, 103, 121, 138]
[27, 45, 94, 104, 112, 113, 122, 148]
[2, 5, 10, 17, 45, 66, 113, 131]
[6, 31, 43, 61, 89, 103, 135, 138]
[24, 33, 51, 86, 113, 117, 131, 140]
[30, 49, 88, 91, 92, 98, 102, 147]
[17, 68, 72, 73, 108, 111, 118, 122]
[14, 48, 49, 53, 72, 76, 113, 146]
[2, 11, 23, 97, 106, 117, 120, 147]
[42, 62, 81, 88, 102, 117, 140, 150]
[14, 25, 28, 71, 81, 97, 141, 145]
[16, 34, 41, 92, 93, 119, 129, 149]
[10, 16, 30, 42, 101, 108, 119, 145]
[8, 15, 89, 113, 116, 123, 127, 131]
[0, 34, 45, 62, 71, 98, 116, 119]
[9, 15, 22, 31, 43, 74, 86, 89]
[26, 43, 81, 101, 104, 115, 133, 140]
[15, 17, 22, 76, 96, 104, 121, 136]
[2, 5, 13, 21, 38, 43, 77, 146]
[5, 48, 51, 87, 118, 122, 132, 144]
[2, 21, 63, 69, 98, 101, 118, 124]
[1, 6, 44, 63, 90, 117, 124, 143]
[8, 12, 23, 32, 51, 97, 106, 115]
[13, 22, 31, 33, 56, 64, 98, 116]
[34, 46, 50, 59, 63, 73, 106, 122]
[2, 21, 25, 28, 67, 73, 74, 81]
[38, 51, 95, 98, 109, 115, 127, 128]
[15, 41, 43, 51, 95, 117, 138, 139]
[0, 55, 73, 84, 85, 90, 100, 109]
[51, 55, 87, 91, 105, 115, 119, 145]
[3, 23, 62, 69, 107, 133, 146, 149]
[5, 9, 36, 58, 76, 80, 84, 120]
[1, 10, 65, 71, 86, 88, 101, 107]
[61, 67, 86, 94, 110, 133, 143, 149]
[15, 69, 76, 77, 108, 125, 132, 149]
[1, 2, 13, 30, 49, 79, 80, 105]
[14, 17, 57, 68, 76, 102, 120, 131]
[31, 37, 42, 44, 61, 70, 122, 142]
[12, 38, 66, 79, 81, 90, 100, 107]
[2, 14, 37, 57, 77, 92, 97, 126]
[26, 43, 74, 98, 107, 108, 122, 150]
[23, 52, 57, 60, 76, 100, 117, 138]
[4, 39, 73, 86, 96, 111, 131, 137]
[6, 10, 12, 34, 40, 67, 81, 84]
[8, 60, 71, 77, 80, 108, 127, 130]
[16, 17, 29, 32, 41, 55, 58, 74]
[11, 14, 25, 38, 44, 48, 84, 146]
[45, 70, 90, 92, 109, 126, 140, 148]
[0, 44, 73, 76, 83, 94, 132, 141]
[7, 25, 29, 30, 38, 95, 116, 136]
[13, 46, 52, 66, 76, 77, 114, 118]
[3, 22, 25, 52, 59, 96, 105, 139]
[16, 21, 34, 61, 113, 119, 121, 125]
[6, 17, 37, 50, 89, 119, 121, 127]
[2, 58, 68, 90, 119, 120, 131, 144]
[18, 21, 51, 55, 73, 99, 121, 134]
[10, 18, 49, 59, 98, 100, 122, 139]
[9, 24, 25, 49, 67, 84, 100, 135]
[16, 27, 36, 64, 101, 109, 116, 145]
[17, 40, 50, 110, 114, 118, 134, 140]
[23, 35, 37, 41, 48, 50, 85, 86]
[12, 84, 102, 103, 118, 136, 139, 147]
[24, 75, 91, 98, 104, 113, 124, 126]
[32, 67, 74, 92, 99, 102, 104, 142]
[45, 97, 102, 111, 112, 133, 144, 147]
[11, 64, 75, 102, 103, 104, 124, 146]
[15, 18, 38, 52, 79, 102, 126, 129]
[11, 16, 39, 49, 50, 63, 122, 149]
[8, 15, 21, 34, 67, 91, 110, 149]
[2, 44, 46, 54, 67, 69, 107, 143]
[2, 63, 69, 74, 113, 131, 137, 142]
[0, 33, 34, 56, 72, 107, 110, 127]
[13, 19, 55, 67, 76, 80, 97, 142]
[35, 86, 101, 106, 111, 114, 133, 143]
[13, 21, 53, 88, 105, 110, 120, 123]
[3, 19, 38, 39, 55, 71, 76, 91]
[18, 19, 42, 47, 80, 90, 115, 131]
[20, 52, 89, 91, 113, 122, 140, 144]
[14, 31, 40, 58, 85, 112, 117, 133]
[1, 12, 35, 36, 59, 121, 130, 145]
[5, 13, 21, 59, 68, 91, 116, 123]
[38, 56, 73, 88, 120, 126, 135, 143]
[22, 66, 76, 80, 91, 121, 128, 149]
[26, 39, 58, 82, 88, 89, 130, 133]
[1, 16, 32, 34, 66, 80, 117, 143]
[0, 9, 16, 64, 69, 78, 85, 116]
[19, 26, 69, 90, 96, 116, 141, 149]
[32, 38, 54, 55, 78, 125, 126, 145]
[15, 36, 51, 66, 70, 99, 107, 111]
[20, 29, 40, 42, 62, 121, 128, 136]
[0, 24, 81, 96, 106, 110, 136, 148]
[19, 22, 26, 28, 77, 135, 138, 150]
[36, 78, 100, 108, 110, 114, 145, 146]
[17, 29, 32, 72, 79, 95, 122, 141]
[31, 74, 83, 117, 120, 128, 140, 150]
[24, 35, 51, 58, 61, 68, 139, 143]
[23, 54, 59, 62, 84, 87, 103, 117]
[6, 9, 26, 38, 52, 70, 85, 117]
[1, 11, 35, 40, 74, 90, 109, 126]
[4, 34, 43, 65, 93, 108, 109, 148]
[38, 70, 72, 85, 87, 127, 137, 145]
[8, 9, 23, 32, 41, 97, 137, 147]
[6, 15, 81, 83, 104, 128, 145, 149]
[18, 33, 57, 72, 93, 110, 131, 143]
[28, 33, 47, 51, 90, 112, 116, 145]
[5, 7, 43, 58, 94, 95, 115, 134]
[33, 39, 50, 70, 105, 106, 121, 132]
[49, 50, 52, 57, 61, 92, 100, 121]
[10, 35, 58, 92, 99, 125, 141, 150]
[36, 65, 67, 68, 70, 77, 83, 131]
[18, 20, 36, 55, 59, 104, 120, 123]
[12, 24, 43, 86, 98, 120, 124, 130]
[29, 41, 58, 61, 75, 88, 101, 103]
[40, 54, 84, 99, 106, 121, 123, 134]
[4, 21, 38, 66, 68, 77, 114, 144]
[1, 26, 86, 99, 123, 124, 139, 150]
[11, 22, 29, 82, 98, 104, 125, 127]
[26, 27, 62, 71, 84, 93, 120, 123]
[3, 11, 14, 23, 31, 32, 62, 119]
[8, 31, 71, 93, 101, 102, 127, 143]
[21, 71, 73, 118, 120, 137, 139, 142]
[22, 31, 32, 55, 64, 118, 122, 147]
[3, 32, 35, 38, 95, 97, 128, 130]
[4, 23, 30, 112, 129, 136, 142, 149]
[3, 13, 14, 16, 62, 95, 103, 105]
[31, 52, 61, 89, 91, 113, 131, 147]
[4, 11, 16, 26, 37, 43, 90, 129]
[22, 24, 44, 52, 64, 68, 77, 110]
[7, 22, 40, 49, 50, 81, 91, 119]
[5, 23, 37, 58, 88, 126, 131, 139]
[6, 9, 21, 75, 83, 87, 94, 124]
[16, 53, 66, 79, 101, 111, 121, 126]
[22, 27, 43, 66, 111, 127, 132, 135]
[7, 12, 20, 59, 63, 104, 108, 133]
[8, 12, 13, 39, 63, 74, 112, 132]
[9, 14, 58, 68, 109, 112, 137, 150]
[10, 12, 17, 19, 57, 89, 113, 115]
[12, 18, 37, 39, 96, 121, 128, 146]
[1, 48, 59, 77, 81, 90, 129, 144]
[7, 11, 29, 45, 69, 116, 138, 139]
[15, 25, 30, 50, 56, 59, 69, 144]
[16, 48, 50, 55, 62, 107, 122, 132]
[25, 40, 64, 65, 81, 98, 119, 122]
[8, 30, 77, 83, 86, 120, 138, 143]
[3, 21, 27, 52, 66, 72, 117, 131]
[27, 44, 72, 76, 90, 91, 126, 145]
[9, 24, 26, 77, 86, 107, 114, 119]
[13, 25, 42, 44, 57, 91, 94, 150]
[14, 33, 69, 82, 98, 111, 123, 138]
[4, 44, 63, 79, 107, 122, 138, 141]
[20, 28, 36, 41, 43, 53, 106, 128]
[14, 35, 45, 52, 78, 83, 99, 102]
[4, 6, 35, 38, 72, 83, 86, 142]
[7, 45, 53, 89, 98, 102, 112, 144]
[20, 29, 35, 53, 91, 101, 112, 137]
[4, 10, 12, 53, 60, 82, 139, 150]
[0, 4, 6, 20, 25, 32, 54, 98]
[11, 39, 61, 67, 94, 111, 127, 132]
[51, 53, 66, 67, 83, 95, 103, 111]
[33, 52, 59, 82, 83, 100, 117, 129]
[50, 61, 64, 78, 82, 102, 115, 147]
[6, 44, 53, 60, 69, 87, 122, 125]
[22, 33, 48, 57, 59, 68, 69, 135]
[48, 80, 96, 101, 107, 121, 137, 148]
[16, 18, 21, 30, 60, 114, 119, 134]
[19, 30, 56, 58, 84, 92, 95, 135]
[4, 23, 57, 58, 68, 123, 129, 147]
[10, 38, 54, 55, 93, 98, 139, 146]
[2, 36, 52, 68, 79, 91, 115, 127]
[10, 24, 55, 72, 77, 89, 95, 115]
[63, 70, 93, 103, 109, 140, 143, 146]
[17, 34, 41, 59, 71, 107, 117, 138]
[28, 33, 45, 75, 89, 91, 95, 123]
[25, 66, 72, 77, 92, 108, 130, 147]
[10, 30, 35, 78, 85, 109, 117, 118]
[4, 15, 17, 20, 24, 35, 128, 139]
[22, 37, 38, 53, 71, 116, 127, 150]
